clip frame pelvis_deg hip_deg knee_deg spine_deg height_cm sole_cm
03_wall_drop_softland 0 0.000 12.999 12.000 0.005 2.19 0.50
03_wall_drop_softland 1 0.000 24.003 0.003 0.002 2.25 0.50
03_wall_drop_softland 2 0.000 0.003 0.004 0.005 0.51 0.87
03_wall_drop_softland 3 0.000 0.004 4.996 0.003 8.10 1.30
03_wall_drop_softland 4 0.000 10.000 0.004 0.003 6.47 8.23
03_wall_drop_softland 5 0.000 5.001 0.002 0.004 1.93 1.05
03_wall_drop_softland 6 0.000 31.997 0.004 20.000 -2.59 0.62
03_wall_drop_softland 7 0.000 32.003 11.998 20.000 -2.18 0.50
03_wall_drop_softland 8 0.000 31.996 36.004 10.000 -3.79 0.76
03_wall_drop_softland 9 0.000 23.997 47.998 0.005 -4.05 0.84
03_wall_drop_softland 10 0.000 48.000 47.998 5.000 -6.97 0.50
03_wall_drop_softland 11 0.000 48.000 47.998 0.001 -7.75 0.50
03_wall_drop_softland 12 0.000 24.000 44.000 0.002 -6.94 0.70
03_wall_drop_softland 13 0.000 24.003 36.000 0.003 -7.16 0.57
03_wall_drop_softland 14 0.000 48.000 23.996 0.004 -8.11 0.50
03_wall_drop_softland 15 0.000 48.000 20.000 10.000 -7.78 0.50
03_wall_drop_softland 16 0.000 32.003 12.004 15.000 -7.02 0.71
03_wall_drop_softland 17 0.000 32.004 8.002 0.004 -6.72 0.50
03_wall_drop_softland 18 0.000 48.000 0.002 10.000 -7.12 0.50
03_wall_drop_softland 19 0.000 48.000 0.004 0.004 -6.72 0.50
03_wall_drop_softland 20 0.000 56.000 0.002 0.002 -6.86 0.50
03_wall_drop_softland 21 0.000 40.000 8.004 5.000 -7.21 0.50
03_wall_drop_softland 22 0.000 40.001 12.002 15.000 -7.71 0.62
03_wall_drop_softland 23 0.000 64.000 24.004 0.001 -7.25 0.50
03_wall_drop_softland 24 0.000 48.000 35.996 10.000 -8.46 0.50
03_wall_drop_softland 25 0.000 31.995 47.998 10.000 -2.38 0.50
03_wall_drop_softland 26 0.000 32.001 24.000 15.000 -0.97 0.50
03_wall_drop_softland 27 0.000 16.001 11.996 0.001 -4.61 0.57
03_wall_drop_softland 28 0.000 15.997 12.004 10.000 -0.79 0.50
03_wall_drop_softland 29 0.000 24.000 12.002 10.000 1.97 0.50
03_wall_drop_softland 30 0.000 16.004 0.002 10.000 -0.61 5.19
03_wall_drop_softland 31 0.000 23.998 0.002 0.004 -2.33 6.19
03_wall_drop_softland 32 0.000 31.999 0.004 0.002 -8.43 0.77
03_wall_drop_softland 33 0.000 31.998 0.004 0.002 -11.40 0.77
03_wall_drop_softland 34 0.000 39.996 0.004 0.005 -10.91 0.50
03_wall_drop_softland 35 0.000 47.995 0.000 0.004 -11.37 0.73
03_wall_drop_softland 36 0.000 47.998 0.002 10.000 -18.16 0.70
03_wall_drop_softland 37 0.000 48.000 47.998 0.002 -4.90 0.50
03_wall_drop_softland 38 0.000 16.000 43.996 0.004 -6.87 0.50
03_wall_drop_softland 39 0.000 8.000 39.998 10.000 -8.12 0.50
03_wall_drop_softland 40 0.000 17.004 40.002 10.000 -6.63 0.50
03_wall_drop_softland 41 0.000 24.000 40.004 5.000 -6.06 0.50
03_wall_drop_softland 42 0.000 24.004 31.998 5.000 -7.41 0.50
03_wall_drop_softland 43 0.000 20.000 40.000 0.003 -7.29 0.50
03_wall_drop_softland 44 0.000 17.002 39.998 0.005 -6.56 0.50
03_wall_drop_softland 45 0.000 16.996 40.000 0.005 -6.21 0.69
03_wall_drop_softland 46 0.000 16.995 40.002 0.004 -6.01 0.66
03_wall_drop_softland 47 0.000 48.000 32.004 0.005 -5.89 0.50
03_wall_drop_softland 48 0.000 11.998 32.000 0.002 -5.76 0.50
03_wall_drop_softland 49 0.000 12.002 32.000 0.004 -5.67 0.65
03_wall_drop_softland 50 0.000 40.000 32.000 0.004 -5.32 0.50
04_window_drop_softland 0 0.000 40.000 0.003 10.000 -3.98 0.50
04_window_drop_softland 1 0.000 10.003 0.003 5.000 -3.59 0.50
04_window_drop_softland 2 0.000 10.005 0.002 5.000 -3.47 0.50
04_window_drop_softland 3 0.000 14.995 0.004 0.004 -3.03 0.50
04_window_drop_softland 4 0.000 10.005 0.002 0.003 -2.92 0.60
04_window_drop_softland 5 0.000 10.003 0.004 0.000 -3.40 0.65
04_window_drop_softland 6 0.000 10.005 0.004 0.004 -3.46 0.67
04_window_drop_softland 7 0.000 10.000 0.004 0.004 -3.64 0.64
04_window_drop_softland 8 0.000 4.995 0.002 0.004 -4.89 0.50
04_window_drop_softland 9 0.000 12.001 0.004 0.005 -3.68 0.50
04_window_drop_softland 10 0.000 11.997 0.002 0.004 -4.01 0.50
04_window_drop_softland 11 0.000 12.001 0.002 0.004 -4.61 0.50
04_window_drop_softland 12 0.000 0.004 8.000 0.004 -6.36 4.64
04_window_drop_softland 13 0.000 0.001 8.002 0.001 -7.71 4.25
04_window_drop_softland 14 0.000 0.003 8.000 0.002 -10.11 3.37
04_window_drop_softland 15 0.000 10.005 8.002 0.003 -13.39 2.76
04_window_drop_softland 16 0.000 10.000 8.004 10.000 -16.73 1.33
04_window_drop_softland 17 0.000 20.000 20.004 10.000 -12.23 0.82
04_window_drop_softland 18 0.000 15.002 0.002 20.000 -18.48 1.66
04_window_drop_softland 19 0.000 4.999 0.004 0.004 -14.67 2.13
04_window_drop_softland 20 0.000 10.004 0.004 20.000 -12.84 1.99
04_window_drop_softland 21 0.000 8.000 3.998 10.000 -11.02 0.79
04_window_drop_softland 22 0.000 5.000 6.000 0.003 -8.52 1.01
04_window_drop_softland 23 0.000 20.000 7.996 0.002 -6.75 1.04
04_window_drop_softland 24 0.000 10.004 11.998 20.000 1.72 0.50
04_window_drop_softland 25 0.000 20.001 11.996 0.001 1.02 0.50
04_window_drop_softland 26 0.000 15.996 12.000 0.004 0.83 0.50
04_window_drop_softland 27 0.000 8.000 6.996 0.003 -7.57 0.75
04_window_drop_softland 28 0.000 4.999 7.998 0.004 -8.42 1.75
04_window_drop_softland 29 0.000 5.004 8.004 15.000 -11.69 1.88
04_window_drop_softland 30 0.000 31.997 36.002 10.000 -1.79 0.50
04_window_drop_softland 31 0.000 32.005 48.004 0.005 -2.87 0.50
04_window_drop_softland 32 0.000 4.999 32.004 10.000 -4.82 0.50
04_window_drop_softland 33 0.000 5.001 31.998 10.000 -3.22 0.50
04_window_drop_softland 34 0.000 0.004 32.000 0.005 -4.94 0.50
04_window_drop_softland 35 0.000 0.004 32.004 0.003 -4.40 0.50
04_window_drop_softland 36 0.000 11.998 32.002 0.003 -3.68 0.75
04_window_drop_softland 37 0.000 12.001 32.002 0.005 -3.44 0.50
04_window_drop_softland 38 0.000 10.000 23.996 0.003 -4.75 0.50
04_window_drop_softland 39 0.000 14.999 24.002 0.004 -4.30 0.50
04_window_drop_softland 40 0.000 20.001 32.004 0.005 -4.65 0.75
04_window_drop_softland 41 0.000 19.997 35.996 5.000 -2.37 0.75
04_window_drop_softland 42 0.000 24.996 36.000 5.000 -3.82 0.67
04_window_drop_softland 43 0.000 24.995 24.002 0.003 -0.90 0.50
04_window_drop_softland 44 0.000 25.002 24.004 0.004 -0.48 0.50
04_window_drop_softland 45 0.000 24.997 24.002 5.000 -1.86 0.50
04_window_drop_softland 46 0.000 25.005 24.004 5.000 -0.06 0.50
04_window_drop_softland 47 0.000 25.002 24.002 5.000 -1.53 0.50
04_window_drop_softland 48 0.000 10.000 48.002 5.000 -2.79 0.50
04_window_drop_softland 49 0.000 14.997 8.004 0.004 -4.23 12.87
04_window_drop_softland 50 0.000 10.000 12.002 0.005 -0.71 0.50
04_window_drop_softland 51 0.000 10.000 12.000 0.004 -4.91 0.50
10_wallrun_slanted 0 0.000 15.000 0.003 20.000 0.00 -1.00
10_wallrun_slanted 1 0.000 4.999 0.002 20.000 0.00 -1.00
10_wallrun_slanted 2 0.000 20.000 0.004 15.000 0.00 -1.00
10_wallrun_slanted 3 0.000 10.000 0.004 10.000 0.00 -1.00
10_wallrun_slanted 4 0.000 0.005 0.002 0.004 0.00 -1.00
10_wallrun_slanted 5 0.000 0.005 0.004 0.004 0.00 -1.00
10_wallrun_slanted 6 0.000 19.997 0.004 0.003 0.00 -1.00
10_wallrun_slanted 7 0.000 10.000 0.002 0.005 0.00 -1.00
10_wallrun_slanted 8 0.000 9.999 0.004 0.002 0.00 -1.00
10_wallrun_slanted 9 0.000 9.996 0.002 5.000 0.00 -1.00
10_wallrun_slanted 10 0.000 10.004 0.004 5.000 0.00 -1.00
10_wallrun_slanted 11 0.000 9.999 0.004 10.000 0.00 -1.00
10_wallrun_slanted 12 0.000 9.999 0.004 10.000 0.00 -1.00
10_wallrun_slanted 13 0.000 10.000 0.004 0.003 0.00 -1.00
10_wallrun_slanted 14 0.000 10.005 0.004 0.004 0.00 -1.00
10_wallrun_slanted 15 0.000 9.998 0.004 0.003 0.00 -1.00
10_wallrun_slanted 16 0.000 10.000 0.004 0.003 0.00 -1.00
10_wallrun_slanted 17 0.000 10.003 0.002 0.005 0.00 -1.00
10_wallrun_slanted 18 0.000 0.002 0.004 0.004 0.00 -1.00
10_wallrun_slanted 19 0.000 10.000 0.004 0.003 0.00 -1.00
10_wallrun_slanted 20 0.000 10.000 0.000 0.004 0.00 -1.00
10_wallrun_slanted 21 0.000 15.005 0.002 0.003 0.00 -1.00
10_wallrun_slanted 22 0.000 10.003 0.004 0.001 0.00 -1.00
10_wallrun_slanted 23 0.000 9.997 0.000 0.002 0.00 -1.00
10_wallrun_slanted 24 0.000 0.004 0.002 0.003 0.00 -1.00
10_wallrun_slanted 25 0.000 9.996 0.004 0.002 0.00 -1.00
10_wallrun_slanted 26 0.000 9.998 0.004 0.005 0.00 -1.00
10_wallrun_slanted 27 0.000 10.000 0.002 5.000 0.00 -1.00
10_wallrun_slanted 28 0.000 15.000 0.004 10.000 0.00 -1.00
10_wallrun_slanted 29 0.000 20.000 0.004 10.000 0.00 -1.00
10_wallrun_slanted 30 0.000 20.000 0.004 10.000 0.00 -1.00
10_wallrun_slanted 31 0.000 20.000 0.004 10.000 0.00 -1.00
10_wallrun_slanted 32 0.000 10.000 0.004 10.000 0.00 -1.00
10_wallrun_slanted 33 0.000 10.000 0.002 5.000 0.00 -1.00
10_wallrun_slanted 34 0.000 10.005 0.004 5.000 0.00 -1.00
10_wallrun_slanted 35 0.000 15.003 0.004 0.003 0.00 -1.00
10_wallrun_slanted 36 0.000 10.000 0.002 5.000 0.00 -1.00
10_wallrun_slanted 37 0.000 10.001 0.004 5.000 0.00 -1.00
10_wallrun_slanted 38 0.000 10.004 0.002 5.000 0.00 -1.00
10_wallrun_slanted 39 0.000 10.000 0.002 5.000 0.00 -1.00
10_wallrun_slanted 40 0.000 10.003 0.002 0.002 0.00 -1.00
10_wallrun_slanted 41 0.000 20.001 0.004 0.004 0.00 -1.00
10_wallrun_slanted 42 0.000 0.005 0.004 0.003 0.00 -1.00
10_wallrun_slanted 43 0.000 0.001 0.004 0.002 0.00 -1.00
10_wallrun_slanted 44 0.000 0.004 0.004 0.003 0.00 -1.00
10_wallrun_slanted 45 10.548 0.005 0.000 31.997 0.00 -1.00
10_wallrun_slanted 46 0.000 0.004 0.004 0.003 0.00 -1.00
10_wallrun_slanted 47 0.000 0.004 0.002 0.003 0.00 -1.00
10_wallrun_slanted 48 0.000 0.005 0.002 0.004 0.00 -1.00
10_wallrun_slanted 49 0.000 0.004 0.004 0.004 0.00 -1.00
10_wallrun_slanted 50 0.000 0.002 0.004 0.005 0.00 -1.00
10_wallrun_slanted 51 0.000 0.004 0.004 0.003 0.00 -1.00
10_wallrun_slanted 52 0.000 0.001 0.004 0.001 0.00 -1.00
10_wallrun_slanted 53 0.000 0.004 0.004 0.003 0.00 -1.00
10_wallrun_slanted 54 0.000 0.001 0.002 0.005 0.00 -1.00
10_wallrun_slanted 55 0.000 0.004 0.002 0.004 0.00 -1.00
10_wallrun_slanted 56 0.000 0.003 0.004 0.004 0.00 -1.00
10_wallrun_slanted 57 0.000 0.004 0.004 0.004 0.00 -1.00
10_wallrun_slanted 58 0.000 0.004 0.004 0.004 0.00 -1.00
10_wallrun_slanted 59 0.000 0.003 0.002 0.002 0.00 -1.00
10_wallrun_slanted 60 0.000 0.001 0.002 0.001 0.00 -1.00
10_wallrun_slanted 61 0.000 0.003 0.002 10.000 0.00 -1.00
10_wallrun_slanted 62 0.000 0.004 0.004 10.000 0.00 -1.00
10_wallrun_slanted 63 0.000 9.999 0.000 10.000 0.00 -1.00
10_wallrun_slanted 64 0.000 0.003 0.002 0.003 0.00 -1.00
10_wallrun_slanted 65 0.000 0.004 0.004 0.004 0.00 -1.00
10_wallrun_slanted 66 0.000 0.001 0.004 0.005 0.00 -1.00
10_wallrun_slanted 67 0.000 0.003 0.002 0.003 0.00 -1.00
10_wallrun_slanted 68 0.000 0.003 0.004 0.004 0.00 -1.00
10_wallrun_slanted 69 0.000 0.004 0.002 0.003 0.00 -1.00
10_wallrun_slanted 70 0.000 0.001 0.002 0.001 0.00 -1.00
10_wallrun_slanted 71 0.000 0.002 0.004 0.003 0.00 -1.00
10_wallrun_slanted 72 0.000 0.004 0.002 0.003 0.00 -1.00
10_wallrun_slanted 73 0.000 0.005 0.002 0.001 0.00 -1.00
10_wallrun_slanted 74 0.000 0.004 0.002 0.005 0.00 -1.00
10_wallrun_slanted 75 0.000 0.004 0.004 0.004 0.00 -1.00
10_wallrun_slanted 76 0.000 0.004 0.004 0.004 0.00 -1.00
10_wallrun_slanted 77 0.000 0.004 0.004 0.003 0.00 -1.00
10_wallrun_slanted 78 0.000 0.003 0.002 0.005 0.00 -1.00
10_wallrun_slanted 79 0.000 0.003 0.004 0.004 0.00 -1.00
10_wallrun_slanted 80 0.000 0.004 0.004 0.002 0.00 -1.00
10_wallrun_slanted 81 0.000 0.004 0.004 0.004 0.00 -1.00
10_wallrun_slanted 82 0.000 0.005 0.004 0.001 0.00 -1.00
10_wallrun_slanted 83 0.000 0.004 0.004 0.005 0.00 -1.00
10_wallrun_slanted 84 0.000 0.003 0.004 0.004 0.00 -1.00
10_wallrun_slanted 85 0.000 0.002 0.004 0.003 0.00 -1.00
10_wallrun_slanted 86 0.000 0.004 0.002 0.003 0.00 -1.00
10_wallrun_slanted 87 0.000 0.003 0.000 0.003 0.00 -1.00
10_wallrun_slanted 88 0.000 0.004 0.004 0.001 0.00 -1.00
10_wallrun_slanted 89 0.000 0.005 0.000 0.005 0.00 -1.00
10_wallrun_slanted 90 0.000 0.002 0.002 0.002 0.00 -1.00
10_wallrun_slanted 91 0.000 4.997 0.004 0.002 0.00 -1.00
10_wallrun_slanted 92 0.000 10.003 0.004 0.003 0.00 -1.00
10_wallrun_slanted 93 0.000 0.004 0.004 0.002 0.00 -1.00
10_wallrun_slanted 94 0.000 0.004 0.004 0.005 0.00 -1.00
10_wallrun_slanted 95 0.000 0.005 0.004 0.005 0.00 -1.00
10_wallrun_slanted 96 0.000 0.004 0.004 0.003 0.00 -1.00
10_wallrun_slanted 97 0.000 0.005 0.004 0.003 0.00 -1.00
10_wallrun_slanted 98 0.000 0.005 0.004 0.003 0.00 -1.00
10_wallrun_slanted 99 0.000 0.004 0.004 0.003 0.00 -1.00
10_wallrun_slanted 100 0.000 0.004 0.002 0.005 0.00 -1.00
10_wallrun_slanted 101 0.000 0.005 0.002 0.004 0.00 -1.00
10_wallrun_slanted 102 0.000 0.005 0.004 0.004 0.00 -1.00
10_wallrun_slanted 103 0.000 0.004 0.004 0.004 0.00 -1.00
10_wallrun_slanted 104 0.000 0.003 0.004 0.004 0.00 -1.00
10_wallrun_slanted 105 0.000 0.004 0.002 0.001 0.00 -1.00
10_wallrun_slanted 106 0.000 0.005 0.004 0.003 0.00 -1.00
10_wallrun_slanted 107 0.000 0.004 0.000 0.003 0.00 -1.00
10_wallrun_slanted 108 0.000 5.002 0.004 0.003 0.00 -1.00
10_wallrun_slanted 109 0.000 0.005 0.002 0.004 0.00 -1.00
10_wallrun_slanted 110 0.000 10.000 0.000 0.004 0.00 -1.00
10_wallrun_slanted 111 0.000 5.000 0.002 5.000 0.00 -1.00
10_wallrun_slanted 112 0.000 0.005 0.004 0.003 0.00 -1.00
10_wallrun_slanted 113 0.000 0.005 0.004 0.001 0.00 -1.00
10_wallrun_slanted 114 0.000 0.005 0.002 0.004 0.00 -1.00
10_wallrun_slanted 115 0.000 0.005 0.002 0.005 0.00 -1.00
10_wallrun_slanted 116 0.000 0.005 0.002 0.003 0.00 -1.00
10_wallrun_slanted 117 0.000 0.004 0.004 0.003 0.00 -1.00
10_wallrun_slanted 118 0.000 0.005 0.004 0.004 0.00 -1.00
10_wallrun_slanted 119 0.000 0.004 0.004 0.003 0.00 -1.00
10_wallrun_slanted 120 0.000 0.004 0.002 0.004 0.00 -1.00
10_wallrun_slanted 121 0.000 0.004 0.002 0.005 0.00 -1.00
10_wallrun_slanted 122 0.000 0.004 0.004 0.001 0.00 -1.00
10_wallrun_slanted 123 0.000 0.003 0.002 0.005 0.00 -1.00
10_wallrun_slanted 124 0.000 0.004 0.002 0.002 0.00 -1.00
10_wallrun_slanted 125 0.000 0.005 0.005 0.005 0.00 -1.00
10_wallrun_slanted 126 0.000 0.005 0.003 0.005 0.00 -1.00
12_tictac_slanted_wall 0 0.000 60.000 0.003 20.000 0.00 -1.00
12_tictac_slanted_wall 1 0.000 35.002 0.005 0.003 0.00 -1.00
12_tictac_slanted_wall 2 0.000 35.002 0.002 0.004 0.00 -1.00
12_tictac_slanted_wall 3 0.000 16.003 11.998 5.000 -0.24 0.50
12_tictac_slanted_wall 4 0.000 19.999 12.000 5.000 0.53 0.50
12_tictac_slanted_wall 5 0.000 10.000 12.004 5.000 0.96 0.50
12_tictac_slanted_wall 6 0.000 15.005 0.004 5.000 6.74 6.43
12_tictac_slanted_wall 7 0.000 14.999 0.002 5.000 4.91 6.69
12_tictac_slanted_wall 8 0.000 20.000 0.004 0.001 6.92 5.64
12_tictac_slanted_wall 9 0.000 15.000 0.004 0.005 4.96 4.21
12_tictac_slanted_wall 10 0.000 40.002 0.004 20.000 0.00 -1.00
12_tictac_slanted_wall 11 0.000 15.998 0.004 0.005 3.22 0.95
12_tictac_slanted_wall 12 0.000 36.998 0.004 0.004 3.28 0.74
12_tictac_slanted_wall 13 0.000 56.998 0.002 0.003 1.62 0.72
12_tictac_slanted_wall 14 0.000 76.998 0.002 0.004 0.40 0.50
12_tictac_slanted_wall 15 0.000 86.998 0.004 0.003 1.33 0.50
12_tictac_slanted_wall 16 0.000 101.998 0.002 0.002 -1.44 0.50
12_tictac_slanted_wall 17 0.000 113.998 0.002 0.004 -4.01 0.52
12_tictac_slanted_wall 18 0.000 125.998 8.000 5.000 -4.71 0.78
12_tictac_slanted_wall 19 0.000 125.998 0.004 20.000 -4.43 0.77
12_tictac_slanted_wall 20 0.000 125.998 0.004 20.000 -4.76 0.67
12_tictac_slanted_wall 21 0.000 125.998 0.004 0.005 -3.40 0.50
12_tictac_slanted_wall 22 0.000 125.998 0.004 20.000 -2.90 0.50
12_tictac_slanted_wall 23 0.000 98.000 0.004 0.002 -3.34 0.50
12_tictac_slanted_wall 24 0.000 4.996 0.002 0.003 -4.70 0.50
12_tictac_slanted_wall 25 0.000 48.000 8.004 0.004 -2.30 0.50
12_tictac_slanted_wall 26 0.000 20.000 0.004 5.000 -5.34 12.39
12_tictac_slanted_wall 27 0.000 38.000 56.002 10.000 -4.67 0.50
12_tictac_slanted_wall 28 0.000 26.000 56.002 10.000 -6.29 0.50
12_tictac_slanted_wall 29 0.000 39.996 24.000 0.003 -7.03 0.50
12_tictac_slanted_wall 30 0.000 39.996 19.998 15.000 -6.63 0.50
12_tictac_slanted_wall 31 0.000 31.996 11.998 20.000 -5.48 0.64
12_tictac_slanted_wall 32 0.000 32.000 0.002 20.000 -5.73 0.50
12_tictac_slanted_wall 33 0.000 23.996 0.004 20.000 -4.45 0.50
12_tictac_slanted_wall 34 0.000 20.000 0.004 0.004 -3.90 0.50
12_tictac_slanted_wall 35 0.000 15.002 0.002 0.004 -4.35 0.50
12_tictac_slanted_wall 36 0.000 16.999 7.996 0.004 -4.34 0.76
12_tictac_slanted_wall 37 0.000 11.999 19.998 0.005 -5.00 0.71
12_tictac_slanted_wall 38 0.000 0.004 0.004 0.003 -1.87 0.50
12_tictac_slanted_wall 39 0.000 0.004 11.998 0.005 0.13 0.50
12_tictac_slanted_wall 40 0.000 7.996 0.004 0.003 6.92 15.38
12_tictac_slanted_wall 41 0.000 24.996 0.004 5.000 3.02 0.50
12_tictac_slanted_wall 42 0.000 39.996 0.002 0.001 -1.49 0.71
12_tictac_slanted_wall 43 0.000 54.996 0.004 0.003 -5.07 0.58
12_tictac_slanted_wall 44 0.000 59.996 0.004 10.000 -7.91 0.50
12_tictac_slanted_wall 45 0.000 64.996 0.002 15.000 -7.39 0.72
12_tictac_slanted_wall 46 0.000 24.000 0.000 5.000 -7.71 0.50
12_tictac_slanted_wall 47 0.000 16.000 0.004 0.005 -7.67 0.50
12_tictac_slanted_wall 48 0.000 20.000 0.004 5.000 -8.53 0.68
12_tictac_slanted_wall 49 0.000 48.000 0.000 0.004 -8.72 0.50
12_tictac_slanted_wall 50 0.000 48.000 12.004 5.000 -5.36 0.50
12_tictac_slanted_wall 51 0.000 48.000 20.002 5.000 -1.93 0.50
12_tictac_slanted_wall 52 0.000 53.000 23.998 0.002 -0.43 0.50
12_tictac_slanted_wall 53 0.000 43.000 24.000 0.002 -1.55 0.67
12_tictac_slanted_wall 54 0.000 48.003 31.998 20.000 0.14 0.69
12_tictac_slanted_wall 55 0.000 19.000 40.002 5.000 -0.12 0.50
12_tictac_slanted_wall 56 0.000 10.004 24.002 5.000 -0.11 0.50
12_tictac_slanted_wall 57 0.000 14.997 24.004 5.000 -4.00 0.50
12_tictac_slanted_wall 58 0.000 32.003 12.002 5.000 -4.03 0.50
12_tictac_slanted_wall 59 0.000 16.003 24.000 0.003 -4.42 0.50
12_tictac_slanted_wall 60 0.000 9.997 24.002 0.004 -4.64 0.50
12_tictac_slanted_wall 61 0.000 26.000 19.996 10.000 -4.64 0.51
12_tictac_slanted_wall 62 0.000 23.998 12.000 10.000 -4.60 0.50
12_tictac_slanted_wall 63 0.000 45.000 11.998 0.004 -5.84 0.50
12_tictac_slanted_wall 64 0.000 32.001 12.004 10.000 -6.33 0.50
12_tictac_slanted_wall 65 0.000 36.000 48.002 10.000 -7.28 0.50
12_tictac_slanted_wall 66 0.000 15.000 39.996 10.000 -6.77 0.50
12_tictac_slanted_wall 67 0.000 19.998 32.004 10.000 -6.29 0.74
12_tictac_slanted_wall 68 0.000 15.001 32.002 0.005 -6.90 0.50
12_tictac_slanted_wall 69 0.000 20.000 35.996 0.004 -6.71 0.53
12_tictac_slanted_wall 70 0.000 20.000 36.004 10.000 -3.84 0.50
12_tictac_slanted_wall 71 0.000 10.000 36.000 10.000 -3.03 0.50
12_tictac_slanted_wall 72 0.000 0.004 32.000 0.005 -1.81 0.50
12_tictac_slanted_wall 73 0.000 0.005 24.002 5.000 -0.62 0.50
12_tictac_slanted_wall 74 0.000 14.997 35.998 0.004 -4.49 0.70
12_tictac_slanted_wall 75 0.000 4.997 36.004 10.000 -3.32 0.50
12_tictac_slanted_wall 76 0.000 16.000 36.002 0.004 -1.67 0.50
12_tictac_slanted_wall 77 0.000 16.000 36.000 0.001 -1.54 0.50
12_tictac_slanted_wall 78 0.000 16.000 24.002 0.003 -4.46 0.50
12_tictac_slanted_wall 79 0.000 26.996 24.004 0.005 -5.16 0.50
12_tictac_slanted_wall 80 0.000 22.004 24.000 0.004 -5.19 0.87
12_tictac_slanted_wall 81 0.000 21.998 23.998 0.002 -4.97 0.50
12_tictac_slanted_wall 82 0.000 16.000 23.998 0.004 -4.99 0.50
12_tictac_slanted_wall 83 0.000 16.000 23.998 0.001 -5.05 0.50
12_tictac_slanted_wall 84 0.000 16.000 23.996 0.003 -4.76 0.50
12_tictac_slanted_wall 85 0.000 16.000 24.004 0.002 -5.49 0.50
12_tictac_slanted_wall 86 0.000 24.000 24.004 0.003 -5.91 0.81
12_tictac_slanted_wall 87 0.000 29.000 40.000 0.003 -9.74 0.60
12_tictac_slanted_wall 88 0.000 29.000 39.998 0.005 -10.53 0.61
12_tictac_slanted_wall 89 0.000 34.000 47.996 20.000 -9.69 0.50
12_tictac_slanted_wall 90 0.000 14.996 0.004 20.000 -1.80 0.50
12_tictac_slanted_wall 91 0.000 16.000 8.000 0.004 -0.50 0.50
12_tictac_slanted_wall 92 0.000 0.004 0.004 0.004 -0.42 0.75
12_tictac_slanted_wall 93 0.000 0.005 0.004 0.004 -4.18 0.71
12_tictac_slanted_wall 94 0.000 11.996 0.002 0.004 -3.94 0.73
12_tictac_slanted_wall 95 0.000 15.001 0.000 10.000 -4.54 0.63
12_tictac_slanted_wall 96 0.000 16.000 0.002 0.002 -3.24 0.52
12_tictac_slanted_wall 97 0.000 19.997 7.998 0.001 -3.28 0.50
12_tictac_slanted_wall 98 0.000 64.000 12.000 20.000 -3.88 0.60
12_tictac_slanted_wall 99 0.000 15.000 12.002 20.000 -4.78 0.58
12_tictac_slanted_wall 100 0.000 20.001 11.996 0.002 -2.83 0.50
12_tictac_slanted_wall 101 0.000 14.997 12.000 0.005 -3.97 0.62
12_tictac_slanted_wall 102 0.000 19.997 24.000 0.003 -4.21 0.75
12_tictac_slanted_wall 103 0.000 15.005 24.000 0.003 -4.28 0.80
12_tictac_slanted_wall 104 0.000 27.002 23.996 0.004 -4.16 0.50
12_tictac_slanted_wall 105 0.000 24.996 23.998 0.005 -4.12 0.88
12_tictac_slanted_wall 106 0.000 20.001 11.998 10.000 -2.66 0.67
12_tictac_slanted_wall 107 0.000 15.997 23.998 0.005 -4.68 0.52
12_tictac_slanted_wall 108 0.000 15.997 0.002 20.000 -0.89 0.50
12_tictac_slanted_wall 109 0.000 0.005 7.998 0.003 0.99 1.42
12_tictac_slanted_wall 110 0.000 4.004 12.000 0.002 1.86 0.93
12_tictac_slanted_wall 111 0.000 40.002 24.004 0.004 -1.23 0.72
12_tictac_slanted_wall 112 0.000 31.999 12.004 0.003 -0.86 0.75
12_tictac_slanted_wall 113 0.000 24.002 0.002 0.005 -2.59 0.60
12_tictac_slanted_wall 114 0.000 24.000 24.004 0.005 3.38 0.79
12_tictac_slanted_wall 115 0.000 24.000 0.002 0.004 2.85 0.54
12_tictac_slanted_wall 116 0.000 16.000 1.998 0.005 3.85 0.50
12_tictac_slanted_wall 117 0.000 20.004 23.998 0.004 -3.76 0.50
12_tictac_slanted_wall 118 0.000 48.000 0.004 5.000 -1.35 0.57
12_tictac_slanted_wall 119 0.000 37.004 55.998 0.003 2.89 0.50
12_tictac_slanted_wall 120 0.000 41.999 56.000 0.003 1.19 0.50
12_tictac_slanted_wall 121 0.000 29.998 71.998 0.004 -2.49 0.69
12_tictac_slanted_wall 122 0.000 35.002 56.002 5.000 0.23 0.56
12_tictac_slanted_wall 123 0.000 44.997 12.002 0.004 2.13 0.74
12_tictac_slanted_wall 124 0.000 34.998 15.996 0.003 5.03 0.50
12_tictac_slanted_wall 125 0.000 19.996 32.004 0.003 6.71 0.50
12_tictac_slanted_wall 126 0.000 17.996 24.000 10.000 10.66 0.62
12_tictac_slanted_wall 127 0.000 44.997 31.998 15.000 19.78 0.50
12_tictac_slanted_wall 128 0.000 44.997 31.998 15.000 22.33 0.50
12_tictac_slanted_wall 129 0.000 42.997 24.000 10.000 21.25 0.51
12_tictac_slanted_wall 130 0.000 48.000 24.000 20.000 24.25 0.50
12_tictac_slanted_wall 131 0.000 48.000 32.004 0.001 24.55 0.50
12_tictac_slanted_wall 132 0.000 20.004 0.004 15.000 0.00 -1.00
12_tictac_slanted_wall 133 0.000 9.996 0.004 0.004 0.00 -1.00
12_tictac_slanted_wall 134 0.000 9.996 0.004 0.003 0.00 -1.00
12_tictac_slanted_wall 135 0.000 5.000 0.000 0.003 0.00 -1.00
12_tictac_slanted_wall 136 0.000 10.004 0.002 10.000 0.00 -1.00
12_tictac_slanted_wall 137 0.000 5.000 0.004 0.002 0.00 -1.00
12_tictac_slanted_wall 138 0.000 4.996 0.002 0.005 0.00 -1.00
12_tictac_slanted_wall 139 0.000 4.996 0.004 0.003 0.00 -1.00
12_tictac_slanted_wall 140 0.000 4.996 0.002 0.004 0.00 -1.00
12_tictac_slanted_wall 141 0.000 10.000 0.004 0.004 0.00 -1.00
12_tictac_slanted_wall 142 0.000 10.000 0.004 0.003 0.00 -1.00
12_tictac_slanted_wall 143 0.000 10.000 0.004 0.004 0.00 -1.00
12_tictac_slanted_wall 144 0.000 10.000 0.004 0.005 0.00 -1.00
12_tictac_slanted_wall 145 0.000 0.005 0.004 0.005 0.00 -1.00
12_tictac_slanted_wall 146 0.000 5.004 0.004 15.000 0.00 -1.00
12_tictac_slanted_wall 147 0.000 10.000 0.000 10.000 0.00 -1.00
12_tictac_slanted_wall 148 0.000 5.004 0.004 15.000 0.00 -1.00
12_tictac_slanted_wall 149 0.000 5.004 0.002 0.004 0.00 -1.00
12_tictac_slanted_wall 150 0.000 5.004 0.004 0.002 0.00 -1.00
12_tictac_slanted_wall 151 0.000 10.000 0.002 0.005 0.00 -1.00
12_tictac_slanted_wall 152 0.000 5.000 0.002 5.000 7.91 8.35
12_tictac_slanted_wall 153 0.000 5.000 16.004 10.000 2.15 0.50
12_tictac_slanted_wall 154 0.000 5.000 31.998 0.004 1.96 0.50
12_tictac_slanted_wall 155 0.000 31.999 0.004 15.000 -3.86 0.60
12_tictac_slanted_wall 156 0.000 32.000 19.996 20.000 -4.36 0.78
12_tictac_slanted_wall 157 0.000 48.000 8.004 10.000 -6.77 0.50
12_tictac_slanted_wall 158 0.000 48.000 0.002 10.000 -6.40 0.50
12_tictac_slanted_wall 159 0.000 19.999 0.000 0.002 -6.21 0.50
12_tictac_slanted_wall 160 0.000 48.000 0.004 0.004 -4.93 0.50
12_tictac_slanted_wall 161 0.000 40.000 0.004 0.005 -5.07 0.50
12_tictac_slanted_wall 162 0.000 19.997 0.004 0.003 -5.67 0.50
12_tictac_slanted_wall 163 0.000 19.999 0.004 0.003 -6.31 0.80
12_tictac_slanted_wall 164 0.000 25.000 0.004 0.000 -5.78 0.82
12_tictac_slanted_wall 165 0.000 23.998 12.004 0.004 -4.04 0.50
12_tictac_slanted_wall 166 0.000 31.998 11.996 0.004 -1.91 0.50
12_tictac_slanted_wall 167 0.000 39.998 12.003 0.005 -2.77 0.50
12_tictac_slanted_wall 168 0.000 15.004 39.997 5.000 -2.51 0.50
15_cat_leap_wall 0 0.000 48.000 0.003 10.000 -3.95 0.50
15_cat_leap_wall 1 0.000 48.000 0.003 10.000 -4.85 0.50
15_cat_leap_wall 2 0.000 48.000 0.002 5.000 -4.61 0.50
15_cat_leap_wall 3 0.000 20.000 0.002 0.003 -4.80 0.97
15_cat_leap_wall 4 0.000 48.000 0.004 0.004 -4.64 0.50
15_cat_leap_wall 5 0.000 20.004 0.002 0.004 -4.66 0.56
15_cat_leap_wall 6 0.000 48.000 0.004 0.003 -4.06 0.50
15_cat_leap_wall 7 0.000 56.000 0.004 5.000 -3.23 0.50
15_cat_leap_wall 8 0.000 5.003 0.004 15.000 -3.57 0.50
15_cat_leap_wall 9 0.000 0.005 0.004 15.000 -3.95 0.50
15_cat_leap_wall 10 0.000 0.004 0.004 15.000 -3.21 0.50
15_cat_leap_wall 11 0.000 14.996 0.002 15.000 -4.47 0.50
15_cat_leap_wall 12 0.000 20.000 0.004 0.003 -4.02 0.50
15_cat_leap_wall 13 0.000 15.000 0.000 5.000 -4.02 0.50
15_cat_leap_wall 14 0.000 5.000 0.004 5.000 -4.57 0.50
15_cat_leap_wall 15 0.000 12.004 0.004 10.000 -3.57 0.50
15_cat_leap_wall 16 0.000 12.002 0.004 0.004 -3.56 0.50
15_cat_leap_wall 17 0.000 12.000 0.004 0.003 -3.88 0.50
15_cat_leap_wall 18 0.000 11.997 0.004 0.001 -4.61 0.50
15_cat_leap_wall 19 0.000 12.001 0.002 0.004 -4.77 0.50
15_cat_leap_wall 20 0.000 12.002 0.004 0.002 -3.31 0.50
15_cat_leap_wall 21 0.000 20.000 0.004 0.003 -2.80 0.50
15_cat_leap_wall 22 0.000 20.000 0.004 0.003 -5.33 4.25
15_cat_leap_wall 23 0.000 30.002 0.002 10.000 -2.32 0.50
15_cat_leap_wall 24 0.000 40.003 0.002 0.003 2.19 0.50
15_cat_leap_wall 25 0.000 15.001 0.004 0.005 -4.58 0.50
15_cat_leap_wall 26 0.000 17.003 0.004 0.004 -4.90 0.50
15_cat_leap_wall 27 0.000 39.998 0.004 20.000 -1.58 0.50
15_cat_leap_wall 28 0.000 39.997 0.004 0.004 -1.77 0.50
15_cat_leap_wall 29 0.000 40.997 0.002 0.002 -4.14 0.50
15_cat_leap_wall 30 0.000 88.000 0.004 0.003 -5.96 0.50
15_cat_leap_wall 31 0.000 27.001 0.002 0.002 -6.86 0.50
15_cat_leap_wall 32 0.000 27.004 0.002 0.004 -7.94 0.82
15_cat_leap_wall 33 0.000 40.000 0.004 0.004 -8.08 0.50
15_cat_leap_wall 34 0.000 40.000 7.996 10.000 -8.46 0.50
15_cat_leap_wall 35 0.000 40.000 19.998 0.003 -6.12 0.50
15_cat_leap_wall 36 0.000 35.999 24.002 0.005 -4.45 0.86
15_cat_leap_wall 37 0.000 36.996 35.998 15.000 -3.07 0.50
15_cat_leap_wall 38 0.000 24.005 35.996 0.005 -4.30 0.50
15_cat_leap_wall 39 0.000 32.001 35.998 15.000 -1.90 0.50
15_cat_leap_wall 40 0.000 32.002 48.000 5.000 -4.84 0.55
15_cat_leap_wall 41 0.000 23.996 36.002 10.000 -3.72 0.50
15_cat_leap_wall 42 0.000 26.999 35.998 5.000 -4.44 0.50
15_cat_leap_wall 43 0.000 23.998 35.996 15.000 -2.91 0.50
15_cat_leap_wall 44 0.000 15.003 24.004 0.004 -4.91 0.50
15_cat_leap_wall 45 0.000 48.000 35.998 10.000 -4.97 0.50
15_cat_leap_wall 46 0.000 48.000 36.004 0.003 -0.10 0.50
15_cat_leap_wall 47 0.000 56.000 31.996 0.005 1.08 0.50
15_cat_leap_wall 48 0.000 48.000 24.002 0.003 -1.57 0.50
15_cat_leap_wall 49 0.000 32.000 24.002 0.001 -0.62 0.50
15_cat_leap_wall 50 0.000 48.000 20.000 0.003 -4.52 0.56
15_cat_leap_wall 51 0.000 56.000 24.000 0.005 2.49 0.50
15_cat_leap_wall 52 0.000 56.000 32.002 0.002 -0.57 0.73
15_cat_leap_wall 53 0.000 56.000 40.004 0.004 -0.40 0.50
15_cat_leap_wall 54 0.000 56.000 48.000 0.005 1.47 0.50
15_cat_leap_wall 55 0.000 56.000 7.996 0.005 0.62 0.86
15_cat_leap_wall 56 0.000 56.000 11.996 0.005 1.30 0.55
15_cat_leap_wall 57 0.000 48.003 11.998 0.003 0.37 0.89
15_cat_leap_wall 58 0.000 56.003 20.004 0.001 -4.57 0.64
15_cat_leap_wall 59 0.000 56.000 23.996 0.003 -2.40 0.54
15_cat_leap_wall 60 0.000 56.001 23.998 5.000 -3.52 0.50
15_cat_leap_wall 61 0.000 55.997 23.996 5.000 -3.03 0.50
15_cat_leap_wall 62 0.000 47.995 12.004 0.004 -4.86 0.50
15_cat_leap_wall 63 0.000 72.005 48.004 5.000 -2.45 0.57
15_cat_leap_wall 64 0.000 56.001 35.996 5.000 -3.61 0.81
15_cat_leap_wall 65 0.000 55.997 35.998 0.003 -3.27 0.58
15_cat_leap_wall 66 0.000 56.005 0.004 0.004 -4.48 0.50
15_cat_leap_wall 67 0.000 48.002 12.002 0.005 -4.95 0.50
15_cat_leap_wall 68 0.000 56.001 23.996 10.000 -2.10 0.50
15_cat_leap_wall 69 0.000 55.995 24.002 10.000 -4.18 0.87
15_cat_leap_wall 70 0.000 56.004 12.000 20.000 -2.42 0.50
15_cat_leap_wall 71 0.000 55.996 23.998 0.002 -1.53 0.89
15_cat_leap_wall 72 0.000 56.004 12.004 0.003 -1.05 0.50
15_cat_leap_wall 73 0.000 47.998 0.004 20.000 -3.69 0.50
15_cat_leap_wall 74 0.000 63.998 24.004 0.004 -0.72 0.50
15_cat_leap_wall 75 0.000 10.000 31.998 0.005 -4.74 0.83
15_cat_leap_wall 76 0.000 19.995 40.004 20.000 -4.57 0.57
15_cat_leap_wall 77 0.000 20.000 56.000 10.000 -1.78 0.50
15_cat_leap_wall 78 0.000 19.997 32.002 0.004 -2.97 0.50
15_cat_leap_wall 79 0.000 24.998 32.000 0.004 -2.69 0.87
15_cat_leap_wall 80 0.000 20.004 31.996 0.004 -2.17 0.50
15_cat_leap_wall 81 0.000 20.003 31.996 0.004 -3.91 0.50
15_cat_leap_wall 82 0.000 19.998 32.004 0.004 -3.99 0.78
15_cat_leap_wall 83 0.000 34.999 32.002 0.004 -4.66 0.62
15_cat_leap_wall 84 0.000 51.996 32.000 0.003 -0.88 0.80
15_cat_leap_wall 85 0.000 29.998 32.004 0.004 -7.89 0.50
15_cat_leap_wall 86 0.000 29.998 31.996 0.003 -8.51 0.50
15_cat_leap_wall 87 0.000 15.004 23.998 0.004 -3.37 6.99
15_cat_leap_wall 88 0.000 9.999 32.002 0.001 -5.81 6.21
15_cat_leap_wall 89 0.000 19.999 24.002 0.002 0.80 7.17
15_cat_leap_wall 90 0.000 9.998 24.002 0.004 0.14 7.09
15_cat_leap_wall 91 0.000 19.998 24.002 0.005 -0.04 7.20
15_cat_leap_wall 92 0.000 29.996 24.000 15.000 1.52 7.25
15_cat_leap_wall 93 0.000 24.998 31.998 10.000 -2.30 0.50
15_cat_leap_wall 94 0.000 40.000 0.002 20.000 -2.48 0.50
15_cat_leap_wall 95 0.000 32.004 12.000 0.002 -1.28 0.50
15_cat_leap_wall 96 0.000 23.999 11.996 20.000 -1.06 0.50
15_cat_leap_wall 97 0.000 16.001 12.004 0.003 -0.52 0.50
15_cat_leap_wall 98 0.000 14.997 0.004 0.003 -0.81 0.50
15_cat_leap_wall 99 0.000 15.000 23.996 0.003 2.53 0.88
15_cat_leap_wall 100 0.000 14.999 0.002 5.000 3.77 0.50
15_cat_leap_wall 101 0.000 12.002 0.004 0.004 8.39 0.50
15_cat_leap_wall 102 0.000 24.002 0.004 0.004 7.21 0.50
15_cat_leap_wall 103 0.000 24.002 0.004 0.003 13.32 0.50
15_cat_leap_wall 104 0.000 20.000 0.002 0.004 31.89 43.98
15_cat_leap_wall 105 0.000 29.995 12.000 0.002 37.57 0.50
15_cat_leap_wall 106 0.000 15.000 36.002 0.001 20.49 0.50
15_cat_leap_wall 107 0.000 10.000 0.004 0.005 34.11 23.53
15_cat_leap_wall 108 0.000 12.004 9.004 0.004 -4.72 0.77
15_cat_leap_wall 109 0.000 20.000 0.002 15.000 11.77 2.66
15_cat_leap_wall 110 0.000 10.001 0.004 0.004 7.50 1.89
15_cat_leap_wall 111 0.000 8.002 0.004 0.001 2.54 0.50
15_cat_leap_wall 112 0.000 50.004 47.998 0.003 -0.83 0.51
15_cat_leap_wall 113 0.000 50.001 36.004 15.000 0.92 0.50
15_cat_leap_wall 114 0.000 27.998 0.004 15.000 3.38 0.50
15_cat_leap_wall 115 0.000 40.002 0.002 5.000 4.69 0.50
15_cat_leap_wall 116 0.000 25.005 0.002 0.003 -1.96 0.50
15_cat_leap_wall 117 0.000 29.998 0.004 15.000 0.44 0.50
15_cat_leap_wall 118 0.000 30.002 0.004 20.000 0.19 0.50
15_cat_leap_wall 119 0.000 45.005 0.004 20.000 -0.46 0.50
15_cat_leap_wall 120 0.000 35.003 0.004 20.000 -4.95 0.50
15_cat_leap_wall 121 0.000 15.000 0.002 20.000 -7.95 4.26
15_cat_leap_wall 122 0.000 45.000 0.002 10.000 -6.37 0.85
15_cat_leap_wall 123 0.000 9.997 0.002 10.000 -2.58 0.50
15_cat_leap_wall 124 0.000 5.000 0.004 0.001 0.21 0.98
15_cat_leap_wall 125 0.000 10.002 0.004 10.000 -2.15 1.04
15_cat_leap_wall 126 0.000 16.002 11.998 0.002 -3.93 0.50
15_cat_leap_wall 127 0.000 11.999 12.000 0.004 -4.68 0.58
15_cat_leap_wall 128 0.000 11.995 11.996 0.004 -4.40 0.56
15_cat_leap_wall 129 0.000 12.002 0.002 0.004 -4.76 0.60
15_cat_leap_wall 130 0.000 64.000 0.002 5.000 -2.38 0.73
15_cat_leap_wall 131 0.000 84.000 8.004 0.001 -6.53 0.50
15_cat_leap_wall 132 0.000 68.000 0.002 5.000 -7.47 0.50
15_cat_leap_wall 133 0.000 28.998 0.004 0.004 -7.29 0.50
15_cat_leap_wall 134 0.000 44.000 0.002 5.000 -7.18 0.50
15_cat_leap_wall 135 0.000 48.000 0.004 0.004 -6.79 0.50
15_cat_leap_wall 136 0.000 35.998 0.002 0.003 -6.54 0.50
15_cat_leap_wall 137 0.000 35.999 0.002 10.000 -5.23 0.50
15_cat_leap_wall 138 0.000 15.000 0.002 10.000 -29.35 1.77
15_cat_leap_wall 139 0.000 20.002 0.004 5.000 -13.08 1.35
15_cat_leap_wall 140 0.000 9.997 0.004 10.000 -25.43 11.51
15_cat_leap_wall 141 0.000 7.999 0.000 0.003 -22.79 9.40
15_cat_leap_wall 142 0.000 7.997 0.002 10.000 -23.01 11.42
15_cat_leap_wall 143 0.000 10.001 0.004 10.000 -19.26 2.78
15_cat_leap_wall 144 0.000 11.999 0.002 15.000 -1.17 0.50
15_cat_leap_wall 145 0.000 20.000 0.002 20.000 -3.49 0.50
15_cat_leap_wall 146 0.000 12.002 0.002 0.003 2.67 0.50
15_cat_leap_wall 147 0.000 10.005 0.004 0.000 -3.15 0.59
15_cat_leap_wall 148 0.000 23.996 0.004 0.003 2.11 0.61
15_cat_leap_wall 149 0.000 0.004 0.004 15.000 1.00 0.51
15_cat_leap_wall 150 0.000 2.002 0.004 20.000 3.39 17.01
15_cat_leap_wall 151 0.000 12.005 0.002 0.003 -2.84 0.54
15_cat_leap_wall 152 0.000 11.999 8.004 5.000 -0.99 0.75
15_cat_leap_wall 153 0.000 10.000 0.004 0.001 3.35 19.87
15_cat_leap_wall 154 0.000 9.995 0.000 5.000 1.26 12.16
15_cat_leap_wall 155 0.000 10.000 0.004 5.000 1.59 18.25
15_cat_leap_wall 156 0.000 7.996 0.004 0.005 2.30 22.36
15_cat_leap_wall 157 0.000 19.998 0.004 0.004 0.37 0.50
15_cat_leap_wall 158 0.000 10.002 0.004 0.004 1.19 0.50
15_cat_leap_wall 159 0.000 4.997 0.004 0.004 3.73 0.50
15_cat_leap_wall 160 0.000 9.998 0.004 0.002 3.51 0.50
15_cat_leap_wall 161 0.000 4.998 0.004 0.002 -1.21 0.50
15_cat_leap_wall 162 0.000 0.004 0.004 0.002 -0.80 0.50
15_cat_leap_wall 163 0.000 10.003 12.002 10.000 -2.65 0.50
15_cat_leap_wall 164 0.000 11.995 23.998 0.003 -3.13 0.50
15_cat_leap_wall 165 0.000 24.005 12.000 0.001 -8.91 0.74
15_cat_leap_wall 166 0.000 23.995 0.002 0.004 -9.35 0.50
15_cat_leap_wall 167 0.000 23.999 0.002 0.002 -7.76 0.50
15_cat_leap_wall 168 0.000 21.998 0.002 0.002 -7.28 0.50
15_cat_leap_wall 169 0.000 17.003 0.002 5.000 -7.20 0.50
15_cat_leap_wall 170 0.000 24.003 0.002 0.003 -7.17 0.50
15_cat_leap_wall 171 0.000 32.003 0.002 0.005 -7.70 0.50
15_cat_leap_wall 172 0.000 26.997 0.002 0.004 -7.25 0.50
15_cat_leap_wall 173 0.000 21.995 0.004 0.001 -6.68 0.50
15_cat_leap_wall 174 0.000 40.000 0.004 10.000 -6.67 0.50
15_cat_leap_wall 175 0.000 48.000 0.004 5.000 -6.34 0.50
15_cat_leap_wall 176 0.000 17.000 0.004 5.000 -5.58 0.74
15_cat_leap_wall 177 0.000 20.004 0.004 0.004 -5.03 0.75
15_cat_leap_wall 178 0.000 20.000 0.004 0.004 -4.90 0.50
15_cat_leap_wall 179 0.000 20.004 0.004 0.002 -4.68 0.50
15_cat_leap_wall 180 0.000 20.003 0.004 5.000 -4.82 0.50
15_cat_leap_wall 181 0.000 20.002 0.002 5.000 -4.64 0.78
15_cat_leap_wall 182 0.000 40.000 0.004 0.004 -4.67 0.58
15_cat_leap_wall 183 0.000 56.000 0.004 0.005 -4.59 0.60
15_cat_leap_wall 184 0.000 20.000 0.004 5.000 -3.18 0.50
15_cat_leap_wall 185 0.000 14.998 0.002 0.003 -2.76 0.50
15_cat_leap_wall 186 0.000 14.995 0.004 0.003 -4.97 0.90
15_cat_leap_wall 187 0.000 14.999 0.002 0.004 -4.02 0.67
15_cat_leap_wall 188 0.000 14.997 0.004 0.003 -4.81 0.65
15_cat_leap_wall 189 0.000 11.999 24.002 0.002 -1.38 0.50
15_cat_leap_wall 190 0.000 12.005 8.002 0.003 -2.77 0.50
15_cat_leap_wall 191 0.000 20.000 0.004 0.005 -2.78 0.50
15_cat_leap_wall 192 0.000 15.000 12.004 0.001 -4.99 0.50
15_cat_leap_wall 193 0.000 20.000 11.996 0.002 -3.91 0.50
15_cat_leap_wall 194 0.000 20.000 11.996 0.003 -4.95 0.50
15_cat_leap_wall 195 0.000 22.000 19.998 0.002 -3.84 0.50
15_cat_leap_wall 196 0.000 31.000 19.996 0.004 -4.88 0.50
15_cat_leap_wall 197 0.000 28.000 16.002 10.000 -6.86 0.50
15_cat_leap_wall 198 0.000 35.000 15.998 15.000 -6.16 0.50
15_cat_leap_wall 199 0.000 24.000 16.002 20.000 -6.36 0.50
15_cat_leap_wall 200 0.000 0.003 24.004 20.000 -7.25 0.50
15_cat_leap_wall 201 0.000 15.000 23.998 20.000 -6.70 0.50
15_cat_leap_wall 202 0.000 10.000 31.998 20.000 -6.09 0.50
15_cat_leap_wall 203 0.000 20.000 40.000 20.000 -5.94 0.87
15_cat_leap_wall 204 0.000 30.000 40.002 10.000 -6.32 0.50
15_cat_leap_wall 205 0.000 10.002 40.004 10.000 -5.08 0.50
15_cat_leap_wall 206 0.000 49.000 0.000 15.000 -5.69 0.50
15_cat_leap_wall 207 0.000 31.998 8.002 20.000 -4.30 0.59
15_cat_leap_wall 208 0.000 74.000 12.002 0.003 -4.09 0.83
15_cat_leap_wall 209 0.000 44.000 24.004 5.000 -2.07 0.90
15_cat_leap_wall 210 0.000 20.000 0.004 10.000 -1.99 0.50
15_cat_leap_wall 211 0.000 10.000 0.002 5.000 2.25 0.50
15_cat_leap_wall 212 0.000 14.996 0.002 0.005 10.16 9.65
15_cat_leap_wall 213 0.000 29.998 47.998 0.003 1.35 0.79
15_cat_leap_wall 214 0.000 30.001 39.996 5.000 -1.59 0.55
15_cat_leap_wall 215 0.000 67.004 0.004 0.005 3.50 0.50
15_cat_leap_wall 216 0.000 44.000 0.004 0.003 -1.63 0.78
15_cat_leap_wall 217 0.000 48.000 0.004 5.000 -2.08 0.50
15_cat_leap_wall 218 0.000 56.996 0.004 0.005 1.58 0.73
15_cat_leap_wall 219 0.000 51.997 0.004 0.003 0.57 0.65
15_cat_leap_wall 220 0.000 64.000 0.004 0.004 0.01 0.50
15_cat_leap_wall 221 0.000 40.003 0.004 0.003 -4.32 0.50
15_cat_leap_wall 222 0.000 80.000 0.004 5.000 -3.41 0.52
15_cat_leap_wall 223 0.000 48.003 0.004 5.000 -5.57 0.50
15_cat_leap_wall 224 0.000 96.000 0.004 5.000 -4.19 0.50
15_cat_leap_wall 225 0.000 64.003 0.004 5.000 -0.70 0.50
15_cat_leap_wall 226 0.000 64.000 0.004 5.000 -0.48 0.50
15_cat_leap_wall 227 0.000 56.003 0.004 5.000 -0.57 0.59
15_cat_leap_wall 228 0.000 56.003 0.004 0.004 -0.87 0.56
15_cat_leap_wall 229 0.000 64.003 0.004 5.000 -0.84 9.35
15_cat_leap_wall 230 0.000 40.002 56.004 0.003 -1.07 0.77
15_cat_leap_wall 231 0.000 45.002 47.998 0.004 2.37 0.50
15_cat_leap_wall 232 0.000 49.997 24.002 0.004 18.44 0.73
15_cat_leap_wall 233 0.000 54.996 16.002 5.000 29.07 0.51
15_cat_leap_wall 234 0.000 49.996 16.004 5.000 28.79 0.50
15_cat_leap_wall 235 0.000 15.000 0.004 5.000 0.00 -1.00
15_cat_leap_wall 236 0.000 10.004 0.004 5.000 0.00 -1.00
15_cat_leap_wall 237 0.000 10.004 0.004 5.000 0.00 -1.00
15_cat_leap_wall 238 0.000 20.004 0.005 0.001 0.00 -1.00
15_cat_leap_wall 239 0.000 20.004 0.003 0.005 0.00 -1.00

A stick foot within 3 cm of the cleaned ground line plants that sole. Sole cm is the median of the sole vertices. Hip target is the contact heel height times the clip leg scale, capped at 92 cm. Root motion is off. The rig is unchanged.
STRIP 03_wall_drop_softland f=0 L=0.5 | f=4 L=8.2 R=0.7 | f=9 L=0.8 | f=13 L=0.6 | f=18 L=0.5 | f=27 L=0.6 | f=36 L=0.7 | f=45 L=0.7
STRIP 04_window_drop_softland f=0 L=0.5 | f=4 L=0.6 | f=9 L=0.5 | f=13 L=0.4 R=4.3 | f=18 L=0.5 R=1.7 | f=23 L=1.0 R=0.3 | f=27 L=0.7 R=0.7 | f=32 L=0.5
STRIP 12_tictac_slanted_wall f=15 L=0.5 | f=34 R=0.5 | f=76 L=0.5 | f=106 R=0.7 | f=110 L=0.9 R=0.3 | f=152 L=8.4
STRIP 15_cat_leap_wall f=0 R=0.5 | f=21 R=0.5 | f=43 L=0.5 | f=65 L=0.6 | f=86 L=0.5 | f=108 L=0.6 R=0.8 | f=130 L=0.7 R=0.6 | f=152 L=0.8 R=0.6
HIP 03_wall_drop_softland f=0 hip_cm=38.5 target_cm=36.3 stick_cm=24.1 sole_cm=0.5 scale=1.508 L knee=+12 hip=+0 yaw=+0
SOLE 03_wall_drop_softland f=0 L=0.5
HIP 03_wall_drop_softland f=3 hip_cm=52.2 target_cm=44.1 stick_cm=29.3 sole_cm=1.3 scale=1.508 
SOLE 03_wall_drop_softland f=3 L=0.9 R=1.3
HIP 03_wall_drop_softland f=4 hip_cm=53.5 target_cm=47.0 stick_cm=31.2 sole_cm=8.2 scale=1.508 
SOLE 03_wall_drop_softland f=4 L=8.2 R=0.7
HIP 03_wall_drop_softland f=9 hip_cm=79.6 target_cm=83.7 stick_cm=55.5 sole_cm=0.8 scale=1.508 L knee=-48 hip=+24 yaw=+16
SOLE 03_wall_drop_softland f=9 L=0.8
HIP 03_wall_drop_softland f=10 hip_cm=83.4 target_cm=90.4 stick_cm=59.9 sole_cm=0.5 scale=1.508 L knee=-48 hip=+24 yaw=-48
HIP 03_wall_drop_softland f=11 hip_cm=84.3 target_cm=92.0 stick_cm=63.0 sole_cm=0.5 scale=1.508 L knee=-48 hip=+24 yaw=-48
HIP 03_wall_drop_softland f=12 hip_cm=85.1 target_cm=92.0 stick_cm=66.1 sole_cm=0.7 scale=1.508 L knee=-44 hip=+12 yaw=+0
HIP 03_wall_drop_softland f=13 hip_cm=84.8 target_cm=92.0 stick_cm=69.6 sole_cm=0.6 scale=1.508 L knee=-36 hip=+12 yaw=-8
SOLE 03_wall_drop_softland f=13 L=0.6
HIP 03_wall_drop_softland f=14 hip_cm=83.9 target_cm=92.0 stick_cm=73.7 sole_cm=0.5 scale=1.508 L knee=-24 hip=+12 yaw=-48
HIP 03_wall_drop_softland f=15 hip_cm=84.2 target_cm=92.0 stick_cm=77.9 sole_cm=0.5 scale=1.508 L knee=-20 hip=+0 yaw=+48
HIP 03_wall_drop_softland f=16 hip_cm=85.0 target_cm=92.0 stick_cm=79.9 sole_cm=0.7 scale=1.508 L knee=-12 hip=+0 yaw=+0
HIP 03_wall_drop_softland f=17 hip_cm=85.3 target_cm=92.0 stick_cm=80.1 sole_cm=0.5 scale=1.508 L knee=-8 hip=+0 yaw=+0
HIP 03_wall_drop_softland f=18 hip_cm=84.9 target_cm=92.0 stick_cm=81.4 sole_cm=0.5 scale=1.508 L knee=+0 hip=+0 yaw=-48
SOLE 03_wall_drop_softland f=18 L=0.5
HIP 03_wall_drop_softland f=19 hip_cm=85.3 target_cm=92.0 stick_cm=81.8 sole_cm=0.5 scale=1.508 L knee=+0 hip=+0 yaw=-48
HIP 03_wall_drop_softland f=20 hip_cm=85.1 target_cm=92.0 stick_cm=81.9 sole_cm=0.5 scale=1.508 L knee=+0 hip=+0 yaw=-56
HIP 03_wall_drop_softland f=21 hip_cm=84.8 target_cm=92.0 stick_cm=80.8 sole_cm=0.5 scale=1.508 L knee=-8 hip=+0 yaw=+0
HIP 03_wall_drop_softland f=22 hip_cm=84.3 target_cm=92.0 stick_cm=75.9 sole_cm=0.6 scale=1.508 L knee=-12 hip=+0 yaw=+0
HIP 03_wall_drop_softland f=23 hip_cm=84.8 target_cm=92.0 stick_cm=68.6 sole_cm=0.5 scale=1.508 L knee=-24 hip=+0 yaw=+64
HIP 03_wall_drop_softland f=24 hip_cm=83.5 target_cm=92.0 stick_cm=62.3 sole_cm=0.5 scale=1.508 L knee=-36 hip=+12 yaw=+48
HIP 03_wall_drop_softland f=27 hip_cm=62.3 target_cm=66.9 stick_cm=44.4 sole_cm=0.6 scale=1.508 L knee=-12 hip=+0 yaw=+0
SOLE 03_wall_drop_softland f=27 L=0.6
HIP 03_wall_drop_softland f=30 hip_cm=52.6 target_cm=53.3 stick_cm=35.3 sole_cm=5.2 scale=1.508 
SOLE 03_wall_drop_softland f=30 L=5.2
HIP 03_wall_drop_softland f=31 hip_cm=52.9 target_cm=55.3 stick_cm=36.6 sole_cm=6.2 scale=1.508 
SOLE 03_wall_drop_softland f=31 L=6.2
HIP 03_wall_drop_softland f=32 hip_cm=50.7 target_cm=59.1 stick_cm=39.2 sole_cm=0.8 scale=1.508 
HIP 03_wall_drop_softland f=33 hip_cm=51.0 target_cm=62.4 stick_cm=41.4 sole_cm=0.8 scale=1.508 
HIP 03_wall_drop_softland f=34 hip_cm=55.0 target_cm=65.9 stick_cm=43.7 sole_cm=0.5 scale=1.508 L knee=+0 hip=-16 yaw=+20
HIP 03_wall_drop_softland f=35 hip_cm=58.5 target_cm=69.9 stick_cm=46.4 sole_cm=0.7 scale=1.508 L knee=+0 hip=-16 yaw=+20
HIP 03_wall_drop_softland f=36 hip_cm=59.8 target_cm=78.0 stick_cm=51.7 sole_cm=0.7 scale=1.508 
SOLE 03_wall_drop_softland f=36 L=0.7
HIP 03_wall_drop_softland f=38 hip_cm=85.1 target_cm=92.0 stick_cm=64.7 sole_cm=0.5 scale=1.508 L knee=-44 hip=+0 yaw=+16
HIP 03_wall_drop_softland f=39 hip_cm=83.9 target_cm=92.0 stick_cm=69.7 sole_cm=0.5 scale=1.508 L knee=-24 hip=+0 yaw=+8
HIP 03_wall_drop_softland f=40 hip_cm=85.4 target_cm=92.0 stick_cm=74.0 sole_cm=0.5 scale=1.508 L knee=-20 hip=-12 yaw=+16
HIP 03_wall_drop_softland f=41 hip_cm=85.9 target_cm=92.0 stick_cm=76.7 sole_cm=0.5 scale=1.508 L knee=-12 hip=-12 yaw=+24
HIP 03_wall_drop_softland f=42 hip_cm=84.6 target_cm=92.0 stick_cm=78.5 sole_cm=0.5 scale=1.508 L knee=+0 hip=-24 yaw=+8
HIP 03_wall_drop_softland f=43 hip_cm=84.7 target_cm=92.0 stick_cm=79.4 sole_cm=0.5 scale=1.508 L knee=+0 hip=-12 yaw=+0
HIP 03_wall_drop_softland f=44 hip_cm=85.4 target_cm=92.0 stick_cm=79.7 sole_cm=0.5 scale=1.508 L knee=+0 hip=-12 yaw=+0
HIP 03_wall_drop_softland f=45 hip_cm=85.8 target_cm=92.0 stick_cm=79.9 sole_cm=0.7 scale=1.508 L knee=+0 hip=-12 yaw=+0
SOLE 03_wall_drop_softland f=45 L=0.7
HIP 03_wall_drop_softland f=46 hip_cm=86.0 target_cm=92.0 stick_cm=80.1 sole_cm=0.7 scale=1.508 L knee=+0 hip=-12 yaw=+0
HIP 03_wall_drop_softland f=47 hip_cm=86.1 target_cm=92.0 stick_cm=80.2 sole_cm=0.5 scale=1.508 L knee=+0 hip=-12 yaw=-48
HIP 03_wall_drop_softland f=48 hip_cm=86.2 target_cm=92.0 stick_cm=80.4 sole_cm=0.5 scale=1.508 L knee=+0 hip=-12 yaw=+0
HIP 03_wall_drop_softland f=49 hip_cm=86.3 target_cm=92.0 stick_cm=80.9 sole_cm=0.6 scale=1.508 L knee=+0 hip=-12 yaw=+0
HIP 03_wall_drop_softland f=50 hip_cm=86.7 target_cm=92.0 stick_cm=82.2 sole_cm=0.5 scale=1.508 L knee=+0 hip=-12 yaw=+40
PLANTED 03_wall_drop_softland frames=51 sole_over_1cm=5
HIP 04_window_drop_softland f=0 hip_cm=88.0 target_cm=92.0 stick_cm=74.1 sole_cm=0.5 scale=1.447 L knee=+0 hip=+0 yaw=-40
SOLE 04_window_drop_softland f=0 L=0.5
HIP 04_window_drop_softland f=4 hip_cm=89.1 target_cm=92.0 stick_cm=77.0 sole_cm=0.6 scale=1.447 
SOLE 04_window_drop_softland f=4 L=0.6
HIP 04_window_drop_softland f=9 hip_cm=88.3 target_cm=92.0 stick_cm=74.5 sole_cm=0.5 scale=1.447 L knee=+0 hip=-12 yaw=+0
SOLE 04_window_drop_softland f=9 L=0.5
HIP 04_window_drop_softland f=12 hip_cm=85.6 target_cm=92.0 stick_cm=72.6 sole_cm=4.6 scale=1.447 R knee=-8 hip=+0 yaw=+0
SOLE 04_window_drop_softland f=12 L=0.4 R=4.6
HIP 04_window_drop_softland f=13 hip_cm=84.3 target_cm=92.0 stick_cm=70.6 sole_cm=4.3 scale=1.447 R knee=-8 hip=+0 yaw=+0
SOLE 04_window_drop_softland f=13 L=0.4 R=4.3
HIP 04_window_drop_softland f=14 hip_cm=81.9 target_cm=92.0 stick_cm=67.7 sole_cm=3.4 scale=1.447 R knee=-8 hip=+0 yaw=+0
SOLE 04_window_drop_softland f=14 L=0.6 R=3.4
HIP 04_window_drop_softland f=15 hip_cm=78.6 target_cm=92.0 stick_cm=66.0 sole_cm=2.8 scale=1.447 R knee=-8 hip=+0 yaw=+0
SOLE 04_window_drop_softland f=15 L=0.7 R=2.8
HIP 04_window_drop_softland f=16 hip_cm=75.3 target_cm=92.0 stick_cm=64.4 sole_cm=1.3 scale=1.447 R knee=-8 hip=+0 yaw=+0
SOLE 04_window_drop_softland f=16 L=1.3 R=0.4
HIP 04_window_drop_softland f=17 hip_cm=77.2 target_cm=89.4 stick_cm=61.8 sole_cm=0.8 scale=1.447 L knee=-12 hip=+0 yaw=+0 R knee=-20 hip=+0 yaw=+0
HIP 04_window_drop_softland f=18 hip_cm=67.0 target_cm=85.4 stick_cm=59.0 sole_cm=1.7 scale=1.447 
SOLE 04_window_drop_softland f=18 L=0.5 R=1.7
HIP 04_window_drop_softland f=19 hip_cm=64.0 target_cm=78.7 stick_cm=54.4 sole_cm=2.1 scale=1.447 
SOLE 04_window_drop_softland f=19 L=0.8 R=2.1
HIP 04_window_drop_softland f=20 hip_cm=60.4 target_cm=73.2 stick_cm=50.6 sole_cm=2.0 scale=1.447 
SOLE 04_window_drop_softland f=20 L=0.5 R=2.0
HIP 04_window_drop_softland f=21 hip_cm=57.4 target_cm=68.4 stick_cm=47.3 sole_cm=0.8 scale=1.447 R knee=+0 hip=+0 yaw=+8
HIP 04_window_drop_softland f=22 hip_cm=55.2 target_cm=63.7 stick_cm=44.0 sole_cm=1.0 scale=1.447 
HIP 04_window_drop_softland f=23 hip_cm=53.6 target_cm=60.3 stick_cm=41.7 sole_cm=1.0 scale=1.447 L knee=+0 hip=+0 yaw=+20 R knee=+0 hip=+0 yaw=+20
SOLE 04_window_drop_softland f=23 L=1.0 R=0.3
HIP 04_window_drop_softland f=27 hip_cm=54.3 target_cm=61.8 stick_cm=42.7 sole_cm=0.7 scale=1.447 R knee=+0 hip=+0 yaw=+8
SOLE 04_window_drop_softland f=27 L=0.7 R=0.7
HIP 04_window_drop_softland f=28 hip_cm=59.2 target_cm=67.6 stick_cm=46.7 sole_cm=1.8 scale=1.447 R knee=-8 hip=+0 yaw=+0
SOLE 04_window_drop_softland f=28 L=1.8 R=0.8
HIP 04_window_drop_softland f=29 hip_cm=64.6 target_cm=76.3 stick_cm=52.7 sole_cm=1.9 scale=1.447 R knee=-8 hip=+0 yaw=+0
SOLE 04_window_drop_softland f=29 L=1.9 R=0.9
HIP 04_window_drop_softland f=32 hip_cm=87.2 target_cm=92.0 stick_cm=68.6 sole_cm=0.5 scale=1.447 L knee=-24 hip=+0 yaw=+0
SOLE 04_window_drop_softland f=32 L=0.5
HIP 04_window_drop_softland f=49 hip_cm=62.9 target_cm=67.2 stick_cm=46.4 sole_cm=12.9 scale=1.447 L knee=-8 hip=+0 yaw=+0
SOLE 04_window_drop_softland f=49 L=12.9 R=0.3
PLANTED 04_window_drop_softland frames=52 sole_over_1cm=13
WALL45 10_wallrun_slanted f=45 hip_d=(+2,-8,+4) spine_d=(+20,-32,-20) sole=R gap_cm=0.30 pen_cm=0.00 chest_cm=0.00  pelvis_deg=10.55
CHEST 12_tictac_slanted_wall f=0 abd_L=+5 abd_R=+12 spine_d=(-15,-12,+20) chest=(-12,-20,-8) depth_cm=2.00 Mesh_UpperLeg_R pelvis_deg=0.00 hand_gap_cm=-10.8
HIP 12_tictac_slanted_wall f=6 hip_cm=61.4 target_cm=54.7 stick_cm=37.5 sole_cm=6.4 scale=1.457 R knee=+0 hip=+8 yaw=+0
SOLE 12_tictac_slanted_wall f=6 L=0.3 R=6.4
HIP 12_tictac_slanted_wall f=7 hip_cm=60.5 target_cm=55.6 stick_cm=38.2 sole_cm=6.7 scale=1.457 R knee=+0 hip=+8 yaw=+0
SOLE 12_tictac_slanted_wall f=7 L=0.5 R=6.7
HIP 12_tictac_slanted_wall f=8 hip_cm=58.8 target_cm=51.9 stick_cm=35.6 sole_cm=5.6 scale=1.457 R knee=+0 hip=+8 yaw=+0
SOLE 12_tictac_slanted_wall f=8 L=0.7 R=5.6
HIP 12_tictac_slanted_wall f=9 hip_cm=55.5 target_cm=50.6 stick_cm=34.7 sole_cm=4.2 scale=1.457 R knee=+0 hip=+8 yaw=+0
SOLE 12_tictac_slanted_wall f=9 L=0.8 R=4.2
HIP 12_tictac_slanted_wall f=15 hip_cm=70.5 target_cm=69.2 stick_cm=47.5 sole_cm=0.5 scale=1.457 L knee=+0 hip=+12 yaw=+0
SOLE 12_tictac_slanted_wall f=15 L=0.5
HIP 12_tictac_slanted_wall f=26 hip_cm=83.9 target_cm=89.3 stick_cm=61.3 sole_cm=12.4 scale=1.457 
SOLE 12_tictac_slanted_wall f=26 L=0.4 R=12.4
HIP 12_tictac_slanted_wall f=28 hip_cm=84.9 target_cm=91.2 stick_cm=62.6 sole_cm=0.5 scale=1.457 R knee=-32 hip=+16 yaw=+0
HIP 12_tictac_slanted_wall f=29 hip_cm=85.0 target_cm=92.0 stick_cm=63.6 sole_cm=0.5 scale=1.457 R knee=-24 hip=+12 yaw=+16
HIP 12_tictac_slanted_wall f=30 hip_cm=85.4 target_cm=92.0 stick_cm=65.5 sole_cm=0.5 scale=1.457 R knee=-20 hip=+12 yaw=-48
HIP 12_tictac_slanted_wall f=31 hip_cm=86.5 target_cm=92.0 stick_cm=69.1 sole_cm=0.6 scale=1.457 R knee=-12 hip=+12 yaw=+0
HIP 12_tictac_slanted_wall f=32 hip_cm=86.3 target_cm=92.0 stick_cm=71.8 sole_cm=0.5 scale=1.457 R knee=+0 hip=+0 yaw=-32
HIP 12_tictac_slanted_wall f=34 hip_cm=88.1 target_cm=92.0 stick_cm=74.1 sole_cm=0.5 scale=1.457 
SOLE 12_tictac_slanted_wall f=34 R=0.5
HIP 12_tictac_slanted_wall f=40 hip_cm=72.6 target_cm=65.7 stick_cm=45.1 sole_cm=15.4 scale=1.457 L knee=+0 hip=+8 yaw=+0
SOLE 12_tictac_slanted_wall f=40 L=15.4 R=0.4
HIP 12_tictac_slanted_wall f=43 hip_cm=84.0 target_cm=89.0 stick_cm=61.1 sole_cm=0.6 scale=1.457 
HIP 12_tictac_slanted_wall f=44 hip_cm=84.1 target_cm=92.0 stick_cm=65.2 sole_cm=0.5 scale=1.457 
HIP 12_tictac_slanted_wall f=45 hip_cm=84.6 target_cm=92.0 stick_cm=68.9 sole_cm=0.7 scale=1.457 L knee=+0 hip=+0 yaw=+4
HIP 12_tictac_slanted_wall f=46 hip_cm=84.3 target_cm=92.0 stick_cm=68.5 sole_cm=0.5 scale=1.457 L knee=+0 hip=-12 yaw=+24
HIP 12_tictac_slanted_wall f=47 hip_cm=84.3 target_cm=92.0 stick_cm=67.0 sole_cm=0.5 scale=1.457 L knee=+0 hip=-12 yaw=+16
HIP 12_tictac_slanted_wall f=48 hip_cm=83.5 target_cm=92.0 stick_cm=66.1 sole_cm=0.7 scale=1.457 
HIP 12_tictac_slanted_wall f=49 hip_cm=83.3 target_cm=92.0 stick_cm=63.4 sole_cm=0.5 scale=1.457 L knee=+0 hip=-16 yaw=-48
HIP 12_tictac_slanted_wall f=50 hip_cm=84.0 target_cm=89.4 stick_cm=61.3 sole_cm=0.5 scale=1.457 L knee=-12 hip=+0 yaw=-48
HIP 12_tictac_slanted_wall f=63 hip_cm=86.2 target_cm=92.0 stick_cm=72.3 sole_cm=0.5 scale=1.457 L knee=-12 hip=+0 yaw=+40
HIP 12_tictac_slanted_wall f=64 hip_cm=85.7 target_cm=92.0 stick_cm=71.1 sole_cm=0.5 scale=1.457 L knee=-12 hip=+0 yaw=+0
HIP 12_tictac_slanted_wall f=65 hip_cm=84.7 target_cm=92.0 stick_cm=70.9 sole_cm=0.5 scale=1.457 L knee=-12 hip=-16 yaw=+36
HIP 12_tictac_slanted_wall f=66 hip_cm=85.2 target_cm=92.0 stick_cm=69.5 sole_cm=0.5 scale=1.457 L knee=-20 hip=+0 yaw=+0
HIP 12_tictac_slanted_wall f=67 hip_cm=85.7 target_cm=92.0 stick_cm=69.5 sole_cm=0.7 scale=1.457 L knee=-24 hip=+0 yaw=+0
HIP 12_tictac_slanted_wall f=68 hip_cm=85.1 target_cm=92.0 stick_cm=67.6 sole_cm=0.5 scale=1.457 L knee=-24 hip=+0 yaw=+8
HIP 12_tictac_slanted_wall f=69 hip_cm=85.3 target_cm=92.0 stick_cm=64.5 sole_cm=0.5 scale=1.457 L knee=-36 hip=+0 yaw=+16
HIP 12_tictac_slanted_wall f=76 hip_cm=83.1 target_cm=84.8 stick_cm=58.2 sole_cm=0.5 scale=1.457 L knee=-36 hip=+0 yaw=+16
SOLE 12_tictac_slanted_wall f=76 L=0.5
HIP 12_tictac_slanted_wall f=79 hip_cm=84.1 target_cm=89.2 stick_cm=61.2 sole_cm=0.5 scale=1.457 L knee=-24 hip=-12 yaw=+8
HIP 12_tictac_slanted_wall f=80 hip_cm=84.6 target_cm=89.8 stick_cm=61.6 sole_cm=0.9 scale=1.457 L knee=-24 hip=-12 yaw=+8
HIP 12_tictac_slanted_wall f=83 hip_cm=81.7 target_cm=86.8 stick_cm=59.6 sole_cm=0.5 scale=1.457 L knee=-24 hip=+0 yaw=+16
HIP 12_tictac_slanted_wall f=85 hip_cm=81.0 target_cm=86.5 stick_cm=59.4 sole_cm=0.5 scale=1.457 L knee=-24 hip=+0 yaw=+16
HIP 12_tictac_slanted_wall f=86 hip_cm=82.1 target_cm=88.0 stick_cm=60.4 sole_cm=0.8 scale=1.457 L knee=-24 hip=+0 yaw=+24
HIP 12_tictac_slanted_wall f=87 hip_cm=81.0 target_cm=90.7 stick_cm=62.2 sole_cm=0.6 scale=1.457 L knee=-12 hip=+0 yaw=+44
HIP 12_tictac_slanted_wall f=88 hip_cm=81.5 target_cm=92.0 stick_cm=63.7 sole_cm=0.6 scale=1.457 L knee=-8 hip=+0 yaw=+44
HIP 12_tictac_slanted_wall f=89 hip_cm=82.1 target_cm=91.8 stick_cm=63.0 sole_cm=0.5 scale=1.457 L knee=+0 hip=+8 yaw=+44
HIP 12_tictac_slanted_wall f=106 hip_cm=77.8 target_cm=80.4 stick_cm=55.2 sole_cm=0.7 scale=1.457 R knee=-12 hip=+0 yaw=+0
SOLE 12_tictac_slanted_wall f=106 R=0.7
HIP 12_tictac_slanted_wall f=109 hip_cm=58.9 target_cm=57.9 stick_cm=39.8 sole_cm=1.4 scale=1.457 
SOLE 12_tictac_slanted_wall f=109 L=0.5 R=1.4
HIP 12_tictac_slanted_wall f=110 hip_cm=55.9 target_cm=54.0 stick_cm=37.1 sole_cm=0.9 scale=1.457 L knee=+12 hip=+0 yaw=+0 R knee=+12 hip=+0 yaw=+0
SOLE 12_tictac_slanted_wall f=110 L=0.9 R=0.3
HIP 12_tictac_slanted_wall f=124 hip_cm=73.5 target_cm=68.5 stick_cm=47.0 sole_cm=0.5 scale=1.457 L knee=+12 hip=+0 yaw=+0
HIP 12_tictac_slanted_wall f=125 hip_cm=74.0 target_cm=67.3 stick_cm=46.2 sole_cm=0.5 scale=1.457 L knee=+12 hip=+0 yaw=+0
HIP 12_tictac_slanted_wall f=126 hip_cm=76.2 target_cm=65.6 stick_cm=45.0 sole_cm=0.6 scale=1.457 L knee=+0 hip=+12 yaw=+0
HIP 12_tictac_slanted_wall f=127 hip_cm=82.8 target_cm=63.0 stick_cm=43.3 sole_cm=0.5 scale=1.457 
HIP 12_tictac_slanted_wall f=128 hip_cm=83.7 target_cm=61.3 stick_cm=42.1 sole_cm=0.5 scale=1.457 
HIP 12_tictac_slanted_wall f=129 hip_cm=82.0 target_cm=60.8 stick_cm=41.7 sole_cm=0.5 scale=1.457 L knee=+0 hip=+12 yaw=+0
HIP 12_tictac_slanted_wall f=130 hip_cm=83.0 target_cm=58.7 stick_cm=40.3 sole_cm=0.5 scale=1.457 L knee=+0 hip=+12 yaw=+0
HIP 12_tictac_slanted_wall f=131 hip_cm=81.2 target_cm=56.7 stick_cm=38.9 sole_cm=0.5 scale=1.457 L knee=+0 hip=+12 yaw=+0
HIP 12_tictac_slanted_wall f=152 hip_cm=51.8 target_cm=51.6 stick_cm=35.4 sole_cm=0.7 scale=1.457 
SOLE 12_tictac_slanted_wall f=152 L=8.4
HIP 12_tictac_slanted_wall f=157 hip_cm=85.2 target_cm=92.0 stick_cm=68.6 sole_cm=0.5 scale=1.457 L knee=-8 hip=+0 yaw=-48
HIP 12_tictac_slanted_wall f=158 hip_cm=85.6 target_cm=92.0 stick_cm=65.7 sole_cm=0.5 scale=1.457 L knee=+0 hip=+12 yaw=-48
HIP 12_tictac_slanted_wall f=159 hip_cm=85.8 target_cm=92.0 stick_cm=66.6 sole_cm=0.5 scale=1.457 
HIP 12_tictac_slanted_wall f=161 hip_cm=86.9 target_cm=92.0 stick_cm=68.7 sole_cm=0.5 scale=1.457 L knee=+0 hip=+0 yaw=-40
HIP 12_tictac_slanted_wall f=162 hip_cm=86.3 target_cm=92.0 stick_cm=67.2 sole_cm=0.5 scale=1.457 
HIP 12_tictac_slanted_wall f=163 hip_cm=85.7 target_cm=92.0 stick_cm=63.9 sole_cm=0.8 scale=1.457 
HIP 12_tictac_slanted_wall f=164 hip_cm=83.8 target_cm=89.6 stick_cm=61.5 sole_cm=0.8 scale=1.457 
PLANTED 12_tictac_slanted_wall frames=145 sole_over_1cm=8
HIP 15_cat_leap_wall f=0 hip_cm=88.1 target_cm=92.0 stick_cm=71.1 sole_cm=0.5 scale=1.389 R knee=+0 hip=-16 yaw=-48
SOLE 15_cat_leap_wall f=0 R=0.5
HIP 15_cat_leap_wall f=21 hip_cm=84.3 target_cm=87.1 stick_cm=62.7 sole_cm=0.5 scale=1.389 R knee=+0 hip=+12 yaw=+0
SOLE 15_cat_leap_wall f=21 R=0.5
HIP 15_cat_leap_wall f=22 hip_cm=75.6 target_cm=80.9 stick_cm=58.2 sole_cm=4.3 scale=1.389 L knee=+0 hip=+8 yaw=+0
SOLE 15_cat_leap_wall f=22 L=4.3 R=0.3
HIP 15_cat_leap_wall f=30 hip_cm=86.0 target_cm=92.0 stick_cm=66.7 sole_cm=0.5 scale=1.389 L knee=+0 hip=+0 yaw=-88
HIP 15_cat_leap_wall f=31 hip_cm=85.1 target_cm=92.0 stick_cm=67.5 sole_cm=0.5 scale=1.389 L knee=+0 hip=+12 yaw=+0
HIP 15_cat_leap_wall f=32 hip_cm=84.1 target_cm=92.0 stick_cm=68.2 sole_cm=0.8 scale=1.389 L knee=+0 hip=+12 yaw=+0
HIP 15_cat_leap_wall f=33 hip_cm=83.9 target_cm=92.0 stick_cm=67.9 sole_cm=0.5 scale=1.389 L knee=+0 hip=+12 yaw=+40
HIP 15_cat_leap_wall f=34 hip_cm=83.5 target_cm=92.0 stick_cm=66.9 sole_cm=0.5 scale=1.389 L knee=-8 hip=+0 yaw=+40
HIP 15_cat_leap_wall f=35 hip_cm=84.3 target_cm=90.4 stick_cm=65.1 sole_cm=0.5 scale=1.389 L knee=-20 hip=+36 yaw=+40
HIP 15_cat_leap_wall f=43 hip_cm=82.2 target_cm=85.1 stick_cm=61.3 sole_cm=0.5 scale=1.389 L knee=-36 hip=+24 yaw=+0
SOLE 15_cat_leap_wall f=43 L=0.5
HIP 15_cat_leap_wall f=65 hip_cm=62.2 target_cm=65.5 stick_cm=47.1 sole_cm=0.6 scale=1.389 L knee=-36 hip=+0 yaw=+0
SOLE 15_cat_leap_wall f=65 L=0.6
HIP 15_cat_leap_wall f=85 hip_cm=69.3 target_cm=77.2 stick_cm=55.6 sole_cm=0.5 scale=1.389 
HIP 15_cat_leap_wall f=86 hip_cm=67.0 target_cm=75.5 stick_cm=54.4 sole_cm=0.5 scale=1.389 
LIP 15_cat_leap_wall f=86 gap_cm=10.39 pen_cm=0.00 pitch=R-10
SOLE 15_cat_leap_wall f=86 L=0.5
HIP 15_cat_leap_wall f=87 hip_cm=69.6 target_cm=73.0 stick_cm=52.5 sole_cm=7.0 scale=1.389 
SOLE 15_cat_leap_wall f=87 L=7.0
HIP 15_cat_leap_wall f=88 hip_cm=67.9 target_cm=73.7 stick_cm=53.1 sole_cm=6.2 scale=1.389 
SOLE 15_cat_leap_wall f=88 L=6.2
HIP 15_cat_leap_wall f=89 hip_cm=74.3 target_cm=73.5 stick_cm=52.9 sole_cm=7.2 scale=1.389 
SOLE 15_cat_leap_wall f=89 L=7.2
HIP 15_cat_leap_wall f=90 hip_cm=72.6 target_cm=72.4 stick_cm=52.1 sole_cm=7.1 scale=1.389 
SOLE 15_cat_leap_wall f=90 L=7.1
HIP 15_cat_leap_wall f=91 hip_cm=74.8 target_cm=74.8 stick_cm=53.9 sole_cm=7.2 scale=1.389 
SOLE 15_cat_leap_wall f=91 L=7.2
HIP 15_cat_leap_wall f=92 hip_cm=78.1 target_cm=76.6 stick_cm=55.1 sole_cm=7.2 scale=1.389 
SOLE 15_cat_leap_wall f=92 L=7.2
HIP 15_cat_leap_wall f=101 hip_cm=70.7 target_cm=62.3 stick_cm=44.9 sole_cm=0.5 scale=1.389 L knee=+0 hip=+12 yaw=+0
HIP 15_cat_leap_wall f=102 hip_cm=62.8 target_cm=55.6 stick_cm=40.0 sole_cm=0.5 scale=1.389 L knee=+0 hip=+24 yaw=+0
HIP 15_cat_leap_wall f=103 hip_cm=64.9 target_cm=51.6 stick_cm=37.2 sole_cm=0.5 scale=1.389 L knee=+0 hip=+24 yaw=+0
HIP 15_cat_leap_wall f=104 hip_cm=81.9 target_cm=50.0 stick_cm=36.0 sole_cm=44.0 scale=1.389 R knee=+0 hip=+8 yaw=+0
SOLE 15_cat_leap_wall f=104 L=0.3 R=44.0
HIP 15_cat_leap_wall f=105 hip_cm=85.8 target_cm=48.2 stick_cm=34.7 sole_cm=0.5 scale=1.389 R knee=+12 hip=+0 yaw=+0
HIP 15_cat_leap_wall f=106 hip_cm=65.2 target_cm=44.7 stick_cm=32.2 sole_cm=0.5 scale=1.389 L knee=+36 hip=+0 yaw=+0
HIP 15_cat_leap_wall f=107 hip_cm=80.8 target_cm=46.7 stick_cm=33.6 sole_cm=23.5 scale=1.389 R knee=+0 hip=+8 yaw=+0
SOLE 15_cat_leap_wall f=107 L=0.3 R=23.5
HIP 15_cat_leap_wall f=108 hip_cm=42.6 target_cm=47.3 stick_cm=34.0 sole_cm=0.8 scale=1.389 L knee=+0 hip=-12 yaw=+0 R knee=+0 hip=-12 yaw=+0
SOLE 15_cat_leap_wall f=108 L=0.6 R=0.8
HIP 15_cat_leap_wall f=109 hip_cm=59.0 target_cm=47.2 stick_cm=34.0 sole_cm=2.7 scale=1.389 L knee=+0 hip=+8 yaw=+0
SOLE 15_cat_leap_wall f=109 L=0.5 R=2.7
HIP 15_cat_leap_wall f=110 hip_cm=57.8 target_cm=50.3 stick_cm=36.2 sole_cm=1.9 scale=1.389 L knee=+0 hip=+8 yaw=+0
SOLE 15_cat_leap_wall f=110 L=1.2 R=1.9
HIP 15_cat_leap_wall f=121 hip_cm=79.5 target_cm=87.5 stick_cm=63.0 sole_cm=4.3 scale=1.389 L knee=+0 hip=+8 yaw=+0
SOLE 15_cat_leap_wall f=121 L=0.7 R=4.3
HIP 15_cat_leap_wall f=122 hip_cm=77.9 target_cm=84.3 stick_cm=60.7 sole_cm=0.8 scale=1.389 L knee=+0 hip=+8 yaw=+40 R knee=+0 hip=+0 yaw=+40
HIP 15_cat_leap_wall f=130 hip_cm=82.9 target_cm=85.3 stick_cm=61.4 sole_cm=0.7 scale=1.389 L knee=+0 hip=+0 yaw=+40 R knee=+0 hip=+0 yaw=+44
SOLE 15_cat_leap_wall f=130 L=0.7 R=0.6
HIP 15_cat_leap_wall f=131 hip_cm=85.5 target_cm=92.0 stick_cm=67.1 sole_cm=0.5 scale=1.389 R knee=-8 hip=+0 yaw=+64
HIP 15_cat_leap_wall f=132 hip_cm=84.5 target_cm=92.0 stick_cm=66.5 sole_cm=0.5 scale=1.389 R knee=+0 hip=+12 yaw=+48
HIP 15_cat_leap_wall f=133 hip_cm=84.7 target_cm=92.0 stick_cm=66.5 sole_cm=0.5 scale=1.389 R knee=+0 hip=+24 yaw=+0
HIP 15_cat_leap_wall f=134 hip_cm=84.6 target_cm=91.8 stick_cm=66.0 sole_cm=0.5 scale=1.389 R knee=+0 hip=+24 yaw=+24
HIP 15_cat_leap_wall f=135 hip_cm=84.8 target_cm=91.6 stick_cm=65.9 sole_cm=0.5 scale=1.389 R knee=+0 hip=+24 yaw=-48
HIP 15_cat_leap_wall f=136 hip_cm=84.9 target_cm=91.4 stick_cm=65.8 sole_cm=0.5 scale=1.389 R knee=+0 hip=+36 yaw=-32
HIP 15_cat_leap_wall f=137 hip_cm=84.5 target_cm=89.7 stick_cm=64.6 sole_cm=0.5 scale=1.389 R knee=+0 hip=+36 yaw=+0
HIP 15_cat_leap_wall f=138 hip_cm=60.0 target_cm=89.3 stick_cm=64.3 sole_cm=1.8 scale=1.389 
SOLE 15_cat_leap_wall f=138 L=0.8 R=1.8
HIP 15_cat_leap_wall f=139 hip_cm=74.9 target_cm=88.0 stick_cm=63.3 sole_cm=1.3 scale=1.389 L knee=+0 hip=+12 yaw=+8 R knee=+0 hip=+20 yaw=-32
SOLE 15_cat_leap_wall f=139 L=0.6 R=1.3
HIP 15_cat_leap_wall f=140 hip_cm=61.3 target_cm=86.8 stick_cm=62.5 sole_cm=11.5 scale=1.389 R knee=+0 hip=+8 yaw=+0
SOLE 15_cat_leap_wall f=140 L=0.9 R=11.5
HIP 15_cat_leap_wall f=141 hip_cm=62.5 target_cm=85.3 stick_cm=61.4 sole_cm=9.4 scale=1.389 R knee=+0 hip=+8 yaw=+0
SOLE 15_cat_leap_wall f=141 L=0.6 R=9.4
HIP 15_cat_leap_wall f=142 hip_cm=61.5 target_cm=84.6 stick_cm=60.9 sole_cm=11.4 scale=1.389 R knee=+0 hip=+8 yaw=+0
SOLE 15_cat_leap_wall f=142 L=0.6 R=11.4
HIP 15_cat_leap_wall f=143 hip_cm=64.2 target_cm=83.4 stick_cm=60.1 sole_cm=2.8 scale=1.389 R knee=+0 hip=+8 yaw=+0
SOLE 15_cat_leap_wall f=143 L=0.8 R=2.8
HIP 15_cat_leap_wall f=150 hip_cm=72.1 target_cm=68.8 stick_cm=49.5 sole_cm=17.0 scale=1.389 
SOLE 15_cat_leap_wall f=150 L=0.4 R=17.0
HIP 15_cat_leap_wall f=152 hip_cm=64.4 target_cm=65.4 stick_cm=47.1 sole_cm=0.8 scale=1.389 L knee=+0 hip=-12 yaw=+0 R knee=-8 hip=-12 yaw=+0
SOLE 15_cat_leap_wall f=152 L=0.8 R=0.6
HIP 15_cat_leap_wall f=153 hip_cm=69.2 target_cm=65.8 stick_cm=47.4 sole_cm=19.9 scale=1.389 
SOLE 15_cat_leap_wall f=153 L=0.3 R=19.9
HIP 15_cat_leap_wall f=154 hip_cm=65.4 target_cm=64.2 stick_cm=46.2 sole_cm=12.2 scale=1.389 R knee=+0 hip=-8 yaw=+0
SOLE 15_cat_leap_wall f=154 L=0.4 R=12.2
HIP 15_cat_leap_wall f=155 hip_cm=65.6 target_cm=64.0 stick_cm=46.1 sole_cm=18.2 scale=1.389 R knee=+0 hip=-8 yaw=+0
SOLE 15_cat_leap_wall f=155 L=0.3 R=18.2
HIP 15_cat_leap_wall f=156 hip_cm=67.5 target_cm=65.2 stick_cm=46.9 sole_cm=22.4 scale=1.389 R knee=+0 hip=-8 yaw=+0
SOLE 15_cat_leap_wall f=156 L=0.3 R=22.4
HIP 15_cat_leap_wall f=165 hip_cm=83.1 target_cm=92.0 stick_cm=66.5 sole_cm=0.7 scale=1.389 L knee=-12 hip=-24 yaw=-4
HIP 15_cat_leap_wall f=166 hip_cm=82.7 target_cm=92.0 stick_cm=69.5 sole_cm=0.5 scale=1.389 L knee=+0 hip=-24 yaw=+4
HIP 15_cat_leap_wall f=167 hip_cm=84.2 target_cm=92.0 stick_cm=72.9 sole_cm=0.5 scale=1.389 L knee=+0 hip=-12 yaw=+0
HIP 15_cat_leap_wall f=168 hip_cm=84.7 target_cm=92.0 stick_cm=74.9 sole_cm=0.5 scale=1.389 L knee=+0 hip=-12 yaw=+8
HIP 15_cat_leap_wall f=169 hip_cm=84.8 target_cm=92.0 stick_cm=76.7 sole_cm=0.5 scale=1.389 L knee=+0 hip=-12 yaw=+16
HIP 15_cat_leap_wall f=170 hip_cm=84.8 target_cm=92.0 stick_cm=77.4 sole_cm=0.5 scale=1.389 L knee=+0 hip=-12 yaw=+24
HIP 15_cat_leap_wall f=171 hip_cm=84.3 target_cm=92.0 stick_cm=78.9 sole_cm=0.5 scale=1.389 L knee=+0 hip=-12 yaw=+24
HIP 15_cat_leap_wall f=172 hip_cm=84.7 target_cm=92.0 stick_cm=78.7 sole_cm=0.5 scale=1.389 L knee=+0 hip=-12 yaw=+24
HIP 15_cat_leap_wall f=173 hip_cm=85.3 target_cm=92.0 stick_cm=77.7 sole_cm=0.5 scale=1.389 L knee=+0 hip=-12 yaw=+8
HIP 15_cat_leap_wall f=174 hip_cm=85.3 target_cm=92.0 stick_cm=77.3 sole_cm=0.5 scale=1.389 L knee=+0 hip=-12 yaw=+40
HIP 15_cat_leap_wall f=175 hip_cm=85.7 target_cm=92.0 stick_cm=76.6 sole_cm=0.5 scale=1.389 L knee=+0 hip=-12 yaw=-48
HIP 15_cat_leap_wall f=176 hip_cm=86.4 target_cm=92.0 stick_cm=75.8 sole_cm=0.7 scale=1.389 L knee=+0 hip=-12 yaw=+0
HIP 15_cat_leap_wall f=177 hip_cm=87.0 target_cm=92.0 stick_cm=75.5 sole_cm=0.7 scale=1.389 
HIP 15_cat_leap_wall f=197 hip_cm=85.1 target_cm=92.0 stick_cm=67.5 sole_cm=0.5 scale=1.389 R knee=-12 hip=-4 yaw=-48
HIP 15_cat_leap_wall f=198 hip_cm=85.8 target_cm=92.0 stick_cm=69.0 sole_cm=0.5 scale=1.389 R knee=-12 hip=+0 yaw=-40
HIP 15_cat_leap_wall f=199 hip_cm=85.6 target_cm=92.0 stick_cm=71.3 sole_cm=0.5 scale=1.389 R knee=-8 hip=+0 yaw=-24
HIP 15_cat_leap_wall f=200 hip_cm=84.8 target_cm=92.0 stick_cm=74.1 sole_cm=0.5 scale=1.389 
HIP 15_cat_leap_wall f=201 hip_cm=85.3 target_cm=92.0 stick_cm=76.2 sole_cm=0.5 scale=1.389 
HIP 15_cat_leap_wall f=202 hip_cm=85.9 target_cm=92.0 stick_cm=77.6 sole_cm=0.5 scale=1.389 
HIP 15_cat_leap_wall f=203 hip_cm=86.1 target_cm=92.0 stick_cm=78.0 sole_cm=0.9 scale=1.389 
HIP 15_cat_leap_wall f=204 hip_cm=85.7 target_cm=92.0 stick_cm=77.7 sole_cm=0.5 scale=1.389 R knee=+0 hip=+0 yaw=+40
HIP 15_cat_leap_wall f=205 hip_cm=86.9 target_cm=92.0 stick_cm=76.6 sole_cm=0.5 scale=1.389 
HIP 15_cat_leap_wall f=206 hip_cm=86.3 target_cm=92.0 stick_cm=75.3 sole_cm=0.5 scale=1.389 R knee=+0 hip=+0 yaw=+64
HIP 15_cat_leap_wall f=212 hip_cm=64.2 target_cm=54.0 stick_cm=38.9 sole_cm=9.7 scale=1.389 
SOLE 15_cat_leap_wall f=212 L=9.7 R=0.2
HIP 15_cat_leap_wall f=223 hip_cm=74.4 target_cm=80.0 stick_cm=57.6 sole_cm=0.5 scale=1.389 
HIP 15_cat_leap_wall f=229 hip_cm=71.0 target_cm=71.9 stick_cm=51.7 sole_cm=9.4 scale=1.389 
SOLE 15_cat_leap_wall f=229 L=9.4
HIP 15_cat_leap_wall f=232 hip_cm=73.3 target_cm=54.9 stick_cm=39.5 sole_cm=0.7 scale=1.389 L knee=+12 hip=+0 yaw=+0
HIP 15_cat_leap_wall f=233 hip_cm=75.3 target_cm=46.2 stick_cm=33.3 sole_cm=0.5 scale=1.389 L knee=+12 hip=+0 yaw=+0
HIP 15_cat_leap_wall f=234 hip_cm=67.9 target_cm=39.1 stick_cm=28.2 sole_cm=0.5 scale=1.389 L knee=+12 hip=+0 yaw=+0
PLANTED 15_cat_leap_wall frames=235 sole_over_1cm=26
REPAIR 12_tictac_slanted_wall f=152 hip=51.8 target=51.6 sole=0.7
REPAIR 15_cat_leap_wall f=86 gap_cm=2.29 pen_cm=0.00 sole_cm=0.5 L=-15 R=-20 elb=+15
REPAIR 03_wall_drop_softland f=4 sole=0.7 hip=53.5
REPAIR 04_window_drop_softland f=13 sole=0.7 hip=84.3
REPAIR 04_window_drop_softland f=18 sole=3.1 hip=69.6
STRIP 03_wall_drop_softland 0.00s sole L 0.5cm | 0.13s sole L 0.7cm R 0.7cm | 0.30s sole L 0.8cm | 0.43s sole L 0.6cm | 0.60s sole L 0.5cm | 0.90s sole L 0.6cm | 1.20s sole L 0.7cm | 1.50s sole L 0.7cm
STRIP 04_window_drop_softland 0.00s sole L 0.5cm | 0.13s sole L 0.6cm | 0.30s sole L 0.5cm | 0.43s sole L 0.4cm R 0.7cm | 0.60s sole L 0.5cm R 1.7cm | 0.77s sole L 1.0cm R 0.3cm | 0.90s sole L 0.7cm R 0.7cm | 1.07s sole L 0.5cm
STRIP 10_wallrun_slanted 
STRIP 12_tictac_slanted_wall 0.50s sole L 0.5cm | 1.13s sole R 0.5cm | 2.54s sole L 0.5cm | 3.54s sole R 0.7cm | 3.67s sole L 0.9cm R 0.3cm | 5.07s sole L 0.7cm
STRIP 15_cat_leap_wall 0.00s sole R 0.5cm | 0.70s sole R 0.5cm | 1.43s sole L 0.5cm | 2.17s sole L 0.6cm | 2.87s sole L 0.5cm | 3.60s sole L 0.6cm R 0.8cm | 4.34s sole L 0.7cm R 0.6cm | 5.07s sole L 0.7cm R 0.6cm

no-clip clips=8 frames=785 absMax=7.24 worldMax=0.40 rigJoint=9620 poseFails=1363 pose=1363
REPAIR final 15_cat_leap_wall f=86 gap_cm=2.30/2.29 pen_cm=0.00 head_cm=6.00 sole_cm=0.5 hip_cm=67.0
REPAIR final 12_tictac_slanted_wall f=152 sole_cm=0.7 hip_cm=51.8
REPAIR final 03 f=4 sole_cm=0.7; 04 f=13 sole_cm=0.7; 04 f=18 sole R=1.7
