Hip is elevation from the downward torso axis (the thigh pitch). Knee is 0 when straight. Spine is the torso angle from world vertical, matched to trunk_lean_from_cam_vertical. Pelvis is hip height above the contact. The reference is root_height_above_feet scaled by 0.90/0.75, except on frames where that camera height collapses (under 75% of the side-view hip-to-foot-line height). Those frames use the side height.

17_slide_slope_crouch
t hipL_ref hipL dhipL hipR_ref hipR dhipR kneeL_ref kneeL dkneeL kneeR_ref kneeR dkneeR spine_ref spine dspine pelvis_ref_cm pelvis_cm dpelvis_cm
0.400 67.1 67.7 +0.7 87.8 88.0 +0.3 113.4 113.8 +0.4 78.4 78.8 +0.4 28.4 22.6 -5.8 54.3 44.6 -9.7
0.433 67.9 68.6 +0.7 87.8 88.0 +0.3 120.4 120.7 +0.4 88.4 88.8 +0.4 25.2 19.4 -5.8 44.9 40.2 -4.7
0.467 66.6 67.3 +0.7 87.8 88.0 +0.3 125.8 126.2 +0.4 98.1 98.5 +0.4 20.7 15.0 -5.8 38.2 36.8 -1.4
0.500 63.9 64.3 +0.4 87.8 88.0 +0.3 131.0 131.4 +0.4 103.8 104.1 +0.4 17.0 11.4 -5.6 29.3 34.5 +5.2
0.533 63.1 63.4 +0.3 87.8 88.0 +0.3 134.6 134.9 +0.4 102.4 102.7 +0.4 16.4 7.2 -9.2 33.5 32.0 -1.5
0.567 64.8 65.1 +0.3 87.8 88.1 +0.3 135.9 136.3 +0.4 97.9 98.3 +0.4 18.2 9.1 -9.2 39.8 31.1 -8.7
0.600 65.0 65.3 +0.3 135.9 127.2 -8.8 134.1 134.5 +0.4 102.1 102.5 +0.4 21.1 11.7 -9.4 35.3 32.5 -2.8
0.633 61.5 61.8 +0.3 135.9 127.6 -8.3 131.1 131.5 +0.4 111.1 111.5 +0.4 23.1 17.3 -5.8 37.8 35.9 -1.9
0.667 55.7 56.2 +0.5 129.5 123.8 -5.7 127.8 128.2 +0.4 120.4 120.8 +0.4 29.0 35.0 +6.0 32.8 38.2 +5.4
0.700 51.1 51.9 +0.8 118.7 114.5 -4.2 125.1 125.4 +0.4 128.4 128.8 +0.4 39.9 45.9 +6.0 33.2 37.0 +3.8
0.733 50.7 51.9 +1.2 117.9 113.8 -4.1 118.1 118.5 +0.4 133.9 134.3 +0.4 48.2 51.2 +3.0 36.1 40.2 +4.1
0.767 55.3 56.6 +1.3 117.6 113.4 -4.1 111.4 111.8 +0.4 137.4 137.8 +0.4 50.7 56.7 +6.0 39.4 44.7 +5.3
0.800 62.2 63.4 +1.2 121.6 117.6 -4.0 109.0 109.4 +0.4 140.0 140.3 +0.4 50.8 56.8 +6.0 39.9 47.9 +8.1
0.833 69.8 70.9 +1.1 129.7 123.3 -6.3 111.4 111.8 +0.4 141.4 141.7 +0.4 50.1 56.1 +6.0 42.8 47.0 +4.2
0.867 77.6 78.5 +0.9 132.1 125.5 -6.7 114.4 114.8 +0.4 142.0 142.4 +0.4 48.7 54.7 +6.0 40.8 44.8 +4.0
0.900 82.5 83.2 +0.6 132.3 125.6 -6.8 114.8 115.2 +0.4 139.6 139.9 +0.4 48.3 54.3 +6.0 39.7 44.1 +4.4
0.933 84.6 85.1 +0.5 132.5 126.0 -6.5 111.8 112.2 +0.4 134.8 135.1 +0.4 48.9 54.9 +6.0 49.1 46.0 -3.1
0.967 86.6 87.0 +0.4 132.4 126.5 -5.9 104.9 105.2 +0.4 127.5 127.9 +0.4 49.5 43.5 -6.0 52.5 45.6 -6.9
1.000 89.0 89.3 +0.3 132.7 127.4 -5.3 98.9 99.2 +0.4 122.9 123.3 +0.4 51.2 45.2 -6.0 58.6 46.9 -11.7
1.033 90.0 90.2 +0.2 130.4 125.6 -4.8 92.9 93.3 +0.4 121.2 121.6 +0.4 52.0 46.0 -6.0 60.4 48.0 -12.5
1.067 90.2 90.4 +0.2 126.7 122.3 -4.5 88.0 88.3 +0.4 119.4 119.7 +0.4 51.4 45.5 -5.9 51.6 48.2 -3.4
1.100 90.2 90.4 +0.2 121.6 117.7 -3.9 83.4 83.8 +0.4 116.4 116.8 +0.4 51.0 45.2 -5.9 55.9 48.3 -7.7
1.133 90.2 90.4 +0.2 117.6 114.1 -3.5 83.2 83.6 +0.4 114.5 114.8 +0.4 51.1 45.3 -5.8 59.9 48.3 -11.6
1.167 90.2 90.4 +0.2 116.3 113.0 -3.3 85.4 85.8 +0.4 115.4 115.8 +0.4 51.1 45.4 -5.7 60.6 48.2 -12.4
1.200 90.2 90.4 +0.2 116.3 113.2 -3.1 85.7 86.1 +0.4 118.7 119.1 +0.4 51.1 45.4 -5.7 59.7 48.2 -11.6
1.233 90.2 90.4 +0.2 115.2 112.9 -2.3 81.6 82.0 +0.4 119.8 120.1 +0.4 50.3 40.8 -9.5 63.4 44.5 -18.9
1.267 90.2 90.4 +0.2 110.0 109.0 -0.9 74.8 75.2 +0.4 117.4 117.8 +0.4 49.2 39.8 -9.4 66.7 42.9 -23.8
1.300 90.2 90.4 +0.2 99.8 99.8 +0.0 67.7 68.1 +0.4 113.1 113.5 +0.4 47.9 38.6 -9.3 76.2 40.1 -36.1
1.333 90.2 90.4 +0.2 88.9 89.0 +0.2 60.7 61.1 +0.4 110.0 110.4 +0.4 44.1 35.1 -9.0 80.6 40.6 -40.0
1.367 90.2 90.4 +0.3 79.7 79.9 +0.2 53.0 53.4 +0.4 106.3 106.6 +0.4 38.6 30.0 -8.6 85.7 44.3 -41.4
1.400 90.2 90.4 +0.2 71.3 71.7 +0.4 45.0 45.4 +0.4 96.8 97.2 +0.4 33.3 24.9 -8.4 91.2 48.4 -42.9
frames over 10 deg or 5 cm: 19 / 31
  f=0 t=0.400 dpelvis=-9.7
  f=3 t=0.500 dpelvis=+5.2
  f=5 t=0.567 dpelvis=-8.7
  f=8 t=0.667 dpelvis=+5.4
  f=11 t=0.767 dpelvis=+5.3
  f=12 t=0.800 dpelvis=+8.1
  f=17 t=0.967 dpelvis=-6.9
  f=18 t=1.000 dpelvis=-11.7
  f=19 t=1.033 dpelvis=-12.5
  f=21 t=1.100 dpelvis=-7.7
  f=22 t=1.133 dpelvis=-11.6
  f=23 t=1.167 dpelvis=-12.4
  f=24 t=1.200 dpelvis=-11.6
  f=25 t=1.233 dpelvis=-18.9
  f=26 t=1.267 dpelvis=-23.8
  f=27 t=1.300 dpelvis=-36.1
  f=28 t=1.333 dpelvis=-40.0
  f=29 t=1.367 dpelvis=-41.4
  f=30 t=1.400 dpelvis=-42.9
pelvis from side view (camera height collapsed): 16
  f=4 t=0.533 cam=24.8 side=33.5
  f=5 t=0.567 cam=20.3 side=39.8
  f=6 t=0.600 cam=16.5 side=35.3
  f=7 t=0.633 cam=13.3 side=37.8
  f=8 t=0.667 cam=13.5 side=32.8
  f=9 t=0.700 cam=11.6 side=33.2
  f=10 t=0.733 cam=10.1 side=36.1
  f=11 t=0.767 cam=9.0 side=39.4
  f=12 t=0.800 cam=10.7 side=39.9
  f=13 t=0.833 cam=13.8 side=42.8
  f=14 t=0.867 cam=18.9 side=40.8
  f=15 t=0.900 cam=23.0 side=39.7
  f=16 t=0.933 cam=25.9 side=49.1
  f=17 t=0.967 cam=32.4 side=52.5
  f=18 t=1.000 cam=38.7 side=58.6
  f=19 t=1.033 cam=44.8 side=60.4

18_vertical_wallrun_back
t hipL_ref hipL dhipL hipR_ref hipR dhipR kneeL_ref kneeL dkneeL kneeR_ref kneeR dkneeR spine_ref spine dspine pelvis_ref_cm pelvis_cm dpelvis_cm
0.600 10.7 172.7 +162.0 28.0 15.0 -13.0 26.3 170.5 +144.2 33.8 10.3 -23.5 3.5 6.0 +2.5 72.2 2.4 -69.8
0.633 12.3 167.8 +155.5 9.5 7.9 -1.6 25.0 160.8 +135.8 28.0 6.0 -22.0 3.7 6.4 +2.7 76.7 4.9 -71.7
0.667 12.3 160.0 +147.8 9.5 4.2 -5.3 21.7 139.7 +118.0 20.2 4.3 -15.9 2.5 6.8 +4.3 87.0 6.2 -80.8
0.700 12.3 153.7 +141.5 9.5 10.5 +1.0 20.2 121.3 +101.1 14.4 14.4 +0.0 1.4 7.3 +5.8 90.5 5.6 -84.8
0.733 12.3 148.8 +136.5 9.5 13.4 +3.9 20.7 106.1 +85.4 10.4 17.8 +7.4 1.8 7.7 +5.9 91.7 4.2 -87.4
0.767 60.5 154.9 +94.4 16.0 19.0 +3.0 24.2 118.2 +94.0 9.6 20.0 +10.4 2.8 8.0 +5.2 89.9 4.3 -85.6
0.800 58.1 142.8 +84.7 18.6 156.4 +137.9 29.8 90.0 +60.2 11.2 157.8 +146.6 3.8 8.0 +4.2 85.9 2.6 -83.3
0.833 58.1 142.8 +84.7 18.6 156.4 +137.9 34.7 90.0 +55.3 14.5 157.8 +143.3 3.6 8.0 +4.4 80.5 2.6 -77.9
0.867 58.1 142.8 +84.7 18.6 156.4 +137.9 38.7 90.0 +51.3 21.2 157.8 +136.6 5.2 8.0 +2.8 73.2 2.6 -70.6
0.900 58.1 142.8 +84.7 18.6 156.4 +137.9 40.0 90.0 +50.0 31.0 157.8 +126.8 6.0 8.0 +2.0 67.8 2.6 -65.2
0.933 55.7 142.8 +87.1 51.5 156.4 +105.0 38.5 90.0 +51.5 40.8 157.8 +117.0 6.4 8.0 +1.6 76.4 2.6 -73.7
0.967 55.7 136.9 +81.2 81.8 23.1 -58.7 33.8 80.7 +46.9 47.7 22.9 -24.8 5.7 8.0 +2.3 84.3 4.1 -80.2
1.000 55.7 128.9 +73.2 81.8 23.8 -58.0 29.6 72.0 +42.4 54.3 26.9 -27.5 3.4 8.0 +4.6 90.4 8.9 -81.6
1.033 55.7 119.2 +63.4 81.8 25.5 -56.3 26.2 55.3 +29.1 57.3 31.6 -25.7 2.5 8.0 +5.5 92.6 11.4 -81.2
1.067 8.9 22.2 +13.3 81.8 158.8 +77.0 23.6 36.2 +12.7 55.5 125.7 +70.2 2.5 8.0 +5.5 91.8 3.8 -88.0
1.100 10.3 11.1 +0.8 26.4 155.8 +129.4 22.2 34.2 +12.0 52.5 118.9 +66.4 4.9 8.0 +3.1 91.0 3.7 -87.3
1.133 12.0 6.8 -5.2 26.4 152.9 +126.5 21.2 27.2 +6.0 49.9 112.2 +62.3 6.6 8.0 +1.4 89.1 3.4 -85.6
1.167 14.1 6.1 -8.0 19.3 150.0 +130.7 20.0 23.6 +3.6 46.1 105.7 +59.6 6.9 8.0 +1.1 84.0 3.2 -80.8
1.200 16.8 12.4 -4.4 19.3 147.2 +127.9 19.8 21.2 +1.3 43.5 99.4 +56.0 6.5 8.0 +1.5 83.1 3.0 -80.2
1.233 20.8 19.0 -1.8 19.3 154.9 +135.6 20.3 20.0 -0.4 41.9 118.2 +76.3 6.1 8.0 +1.9 90.9 4.3 -86.6
1.267 24.4 156.4 +132.1 12.1 142.8 +130.7 19.8 157.8 +138.0 39.4 90.0 +50.6 6.3 8.0 +1.6 95.5 2.6 -92.9
1.300 27.2 156.4 +129.2 12.1 142.8 +130.7 19.0 157.8 +138.8 37.1 90.0 +52.9 8.0 8.0 -0.0 99.4 2.6 -96.8
1.333 28.8 156.4 +127.6 12.1 142.8 +130.7 17.2 157.8 +140.6 34.6 90.0 +55.4 10.1 8.0 -2.1 101.1 2.6 -98.5
1.367 27.9 156.4 +128.6 12.1 142.8 +130.7 12.6 157.8 +145.2 31.3 90.0 +58.7 13.5 8.0 -5.5 100.7 2.6 -98.1
1.400 25.4 156.4 +131.0 12.1 142.8 +130.7 9.0 157.8 +148.8 28.0 90.0 +62.0 17.5 8.0 -9.5 99.0 2.6 -96.4
1.433 22.1 23.1 +1.0 12.1 136.9 +124.8 6.4 22.9 +16.5 25.2 80.7 +55.5 19.3 8.0 -11.3 97.8 4.1 -93.6
1.467 18.3 23.8 +5.5 12.1 128.9 +116.8 4.8 26.9 +22.1 23.2 72.0 +48.8 19.4 8.0 -11.4 96.5 8.9 -87.7
1.500 14.4 25.5 +11.0 12.1 119.2 +107.1 4.4 31.6 +27.2 22.1 55.3 +33.2 19.9 8.0 -11.9 94.7 11.4 -83.3
1.533 11.7 158.8 +147.1 12.1 22.2 +10.1 5.9 125.7 +119.8 21.5 36.2 +14.8 20.3 8.0 -12.3 91.8 3.8 -88.0
1.567 9.9 155.8 +145.9 12.1 14.1 +2.0 6.8 118.9 +112.1 20.9 31.8 +10.8 19.6 8.0 -11.6 86.9 3.7 -83.2
1.600 8.6 152.9 +144.2 12.1 6.8 -5.4 7.5 112.2 +104.7 20.8 27.2 +6.5 17.7 8.0 -9.7 85.1 3.4 -81.6
1.633 8.0 150.0 +142.0 12.1 6.1 -6.0 8.3 105.7 +97.4 20.6 23.6 +3.0 16.1 8.0 -8.1 86.4 3.2 -83.1
1.667 7.5 147.2 +139.7 12.1 12.4 +0.3 8.9 99.4 +90.6 20.4 21.2 +0.8 15.5 8.0 -7.5 86.3 3.0 -83.3
1.700 7.1 154.9 +147.8 12.1 19.0 +6.9 9.3 118.2 +108.9 20.9 20.0 -1.0 14.8 8.0 -6.8 85.6 4.3 -81.3
1.733 7.1 142.8 +135.7 12.1 156.4 +144.3 9.8 90.0 +80.2 22.0 157.8 +135.8 15.4 8.0 -7.4 85.7 2.6 -83.1
1.767 7.3 142.8 +135.5 12.1 156.4 +144.3 10.2 90.0 +79.8 23.1 157.8 +134.7 16.0 8.0 -8.0 84.9 2.6 -82.2
1.800 7.5 142.8 +135.3 12.1 156.4 +144.3 10.7 90.0 +79.3 24.2 157.8 +133.6 17.1 8.0 -9.1 84.1 2.6 -81.5
1.833 7.7 142.8 +135.1 12.1 156.4 +144.3 11.5 90.0 +78.5 25.3 157.8 +132.5 16.7 8.0 -8.7 83.6 2.6 -81.0
1.867 8.0 142.8 +134.8 11.0 156.4 +145.4 12.0 90.0 +77.9 25.8 157.8 +132.0 17.3 8.0 -9.3 82.9 2.6 -80.3
1.900 8.4 138.9 +130.5 11.0 21.1 +10.1 12.6 80.7 +68.1 25.9 22.9 -2.9 18.4 10.0 -8.4 81.9 4.1 -77.8
1.933 8.9 130.9 +122.0 11.0 21.9 +10.9 13.0 72.0 +59.0 25.6 26.9 +1.3 18.4 10.0 -8.4 82.4 8.8 -73.5
1.967 9.4 121.2 +111.8 11.0 23.7 +12.7 12.9 55.3 +42.4 24.7 31.6 +6.9 18.2 10.0 -8.1 81.3 11.3 -70.0
2.000 9.8 109.7 +100.0 11.0 30.2 +19.1 12.4 45.9 +33.5 23.7 39.7 +16.0 17.8 10.0 -7.8 81.4 21.4 -60.0
2.033 9.8 115.5 +105.8 11.0 115.2 +104.2 12.4 32.5 +20.1 23.7 32.8 +9.1 17.8 10.0 -7.8 81.4 -29.6 -110.9
2.067 9.8 115.5 +105.8 11.0 115.2 +104.2 12.4 32.5 +20.1 23.7 32.8 +9.1 17.8 10.0 -7.8 81.4 -29.6 -110.9
2.100 9.8 115.5 +105.8 11.0 115.2 +104.2 12.4 32.5 +20.1 23.7 32.8 +9.1 17.8 10.0 -7.8 81.4 -29.6 -110.9
2.133 9.8 115.5 +105.8 11.0 115.2 +104.2 12.4 32.5 +20.1 23.7 32.8 +9.1 17.8 10.0 -7.8 81.4 -29.6 -110.9
2.167 9.8 115.5 +105.8 11.0 115.2 +104.2 12.4 32.5 +20.1 23.7 32.8 +9.1 17.8 10.0 -7.8 81.4 -29.6 -110.9
2.200 9.8 115.5 +105.8 11.0 115.2 +104.2 12.4 32.5 +20.1 23.7 32.8 +9.1 17.8 10.0 -7.8 81.4 -29.6 -110.9
2.233 9.8 115.5 +105.8 11.0 115.2 +104.2 12.4 32.5 +20.1 23.7 32.8 +9.1 17.8 10.0 -7.8 81.4 -29.6 -110.9
2.267 9.8 115.5 +105.8 11.0 115.2 +104.2 12.4 32.5 +20.1 23.7 32.8 +9.1 17.8 10.0 -7.8 81.4 -29.6 -110.9
2.300 9.8 112.5 +102.8 11.0 112.5 +101.5 12.4 25.8 +13.5 23.7 25.8 +2.1 17.8 8.0 -9.8 81.4 -27.9 -109.3
2.333 9.8 112.5 +102.8 11.0 112.5 +101.5 12.4 25.8 +13.5 23.7 25.8 +2.1 17.8 8.0 -9.8 81.4 -27.9 -109.3
2.367 9.8 112.5 +102.8 11.0 112.5 +101.5 12.4 25.8 +13.5 23.7 25.8 +2.1 17.8 8.0 -9.8 81.4 -27.9 -109.3
2.400 9.8 37.2 +27.5 11.0 110.5 +99.5 12.4 112.1 +99.8 23.7 19.1 -4.6 17.8 8.0 -9.8 81.4 14.4 -67.0
2.433 9.8 7.5 -2.3 11.0 7.5 -3.5 12.4 4.4 -8.0 23.7 4.4 -19.3 17.8 6.0 -11.8 81.4 89.0 +7.7
2.467 9.8 7.5 -2.3 11.0 7.5 -3.5 12.4 4.4 -8.0 23.7 4.4 -19.3 17.8 6.0 -11.8 81.4 89.0 +7.7
2.500 9.8 7.5 -2.3 11.0 7.5 -3.5 12.4 4.4 -8.0 23.7 4.4 -19.3 17.8 6.0 -11.8 81.4 89.0 +7.7
2.533 9.8 7.5 -2.3 11.0 7.5 -3.5 12.4 4.4 -8.0 23.7 4.4 -19.3 17.8 6.0 -11.8 81.4 89.0 +7.7
frames over 10 deg or 5 cm: 59 / 59
Side or 3/4 vertical wall run: none in the downloaded set. Clip 19 is the same warped wall and is side-on only for the run-in (about 0.6 s, trunk about 1-10 deg); the camera is behind the runner once the knees drive up, and L/R flips near 1.6 s. Clips 10 and 11 are 3/4 views of Brighton's slanted sea wall, not a vertical face. Clip 10's high step peaks near knee 115 deg and trunk 14 deg. Clip 12 is a slanted tic-tac. No ground slide under a rail or bar is in clips 01-20. A pass-10 search of public Storror and other parkour footage found slope slides, rail grinds, slide vaults and underbars (feet through a rail, back off the ground). No clean side or 3/4 view of a feet-first or thigh-down ground slide under a bar, so the slide pose is unchanged.
Sheet cells, measured trunk lean (positive = chest toward the wall):
  cell 1 f=0 t=0.60s phase=takeoff lean=+6.0 hip=(0.72,-0.00,0.81)
  cell 2 f=20 t=1.27s phase=plant lean=+8.0 hip=(0.66,-0.00,2.15)
  cell 3 f=34 t=1.73s phase=plant lean=+8.0 hip=(0.66,-0.00,2.75)
  cell 4 f=42 t=2.00s phase=push lean=+10.0 hip=(0.84,0.00,3.54)
  cell 5 f=46 t=2.13s phase=palms lean=+10.0 hip=(0.55,0.00,3.60)
  cell 6 f=50 t=2.27s phase=press lean=+10.0 hip=(0.36,0.00,3.72)
  cell 7 f=54 t=2.40s phase=knee lean=+8.0 hip=(-0.06,0.00,4.39)
  cell 8 f=58 t=2.53s phase=stand lean=+6.0 hip=(-0.12,0.00,4.93)
  f=0 t=0.600 dhipL=+162.0 dhipR=-13.0 dkneeL=+144.2 dkneeR=-23.5 dpelvis=-69.8
  f=1 t=0.633 dhipL=+155.5 dkneeL=+135.8 dkneeR=-22.0 dpelvis=-71.7
  f=2 t=0.667 dhipL=+147.8 dkneeL=+118.0 dkneeR=-15.9 dpelvis=-80.8
  f=3 t=0.700 dhipL=+141.5 dkneeL=+101.1 dpelvis=-84.8
  f=4 t=0.733 dhipL=+136.5 dkneeL=+85.4 dpelvis=-87.4
  f=5 t=0.767 dhipL=+94.4 dkneeL=+94.0 dkneeR=+10.4 dpelvis=-85.6
  f=6 t=0.800 dhipL=+84.7 dhipR=+137.9 dkneeL=+60.2 dkneeR=+146.6 dpelvis=-83.3
  f=7 t=0.833 dhipL=+84.7 dhipR=+137.9 dkneeL=+55.3 dkneeR=+143.3 dpelvis=-77.9
  f=8 t=0.867 dhipL=+84.7 dhipR=+137.9 dkneeL=+51.3 dkneeR=+136.6 dpelvis=-70.6
  f=9 t=0.900 dhipL=+84.7 dhipR=+137.9 dkneeL=+50.0 dkneeR=+126.8 dpelvis=-65.2
  f=10 t=0.933 dhipL=+87.1 dhipR=+105.0 dkneeL=+51.5 dkneeR=+117.0 dpelvis=-73.7
  f=11 t=0.967 dhipL=+81.2 dhipR=-58.7 dkneeL=+46.9 dkneeR=-24.8 dpelvis=-80.2
  f=12 t=1.000 dhipL=+73.2 dhipR=-58.0 dkneeL=+42.4 dkneeR=-27.5 dpelvis=-81.6
  f=13 t=1.033 dhipL=+63.4 dhipR=-56.3 dkneeL=+29.1 dkneeR=-25.7 dpelvis=-81.2
  f=14 t=1.067 dhipL=+13.3 dhipR=+77.0 dkneeL=+12.7 dkneeR=+70.2 dpelvis=-88.0
  f=15 t=1.100 dhipR=+129.4 dkneeL=+12.0 dkneeR=+66.4 dpelvis=-87.3
  f=16 t=1.133 dhipR=+126.5 dkneeR=+62.3 dpelvis=-85.6
  f=17 t=1.167 dhipR=+130.7 dkneeR=+59.6 dpelvis=-80.8
  f=18 t=1.200 dhipR=+127.9 dkneeR=+56.0 dpelvis=-80.2
  f=19 t=1.233 dhipR=+135.6 dkneeR=+76.3 dpelvis=-86.6
  f=20 t=1.267 dhipL=+132.1 dhipR=+130.7 dkneeL=+138.0 dkneeR=+50.6 dpelvis=-92.9
  f=21 t=1.300 dhipL=+129.2 dhipR=+130.7 dkneeL=+138.8 dkneeR=+52.9 dpelvis=-96.8
  f=22 t=1.333 dhipL=+127.6 dhipR=+130.7 dkneeL=+140.6 dkneeR=+55.4 dpelvis=-98.5
  f=23 t=1.367 dhipL=+128.6 dhipR=+130.7 dkneeL=+145.2 dkneeR=+58.7 dpelvis=-98.1
  f=24 t=1.400 dhipL=+131.0 dhipR=+130.7 dkneeL=+148.8 dkneeR=+62.0 dpelvis=-96.4
  f=25 t=1.433 dhipR=+124.8 dkneeL=+16.5 dkneeR=+55.5 dpelvis=-93.6
  f=26 t=1.467 dhipR=+116.8 dkneeL=+22.1 dkneeR=+48.8 dpelvis=-87.7
  f=27 t=1.500 dhipL=+11.0 dhipR=+107.1 dkneeL=+27.2 dkneeR=+33.2 dpelvis=-83.3
  f=28 t=1.533 dhipL=+147.1 dhipR=+10.1 dkneeL=+119.8 dkneeR=+14.8 dpelvis=-88.0
  f=29 t=1.567 dhipL=+145.9 dkneeL=+112.1 dkneeR=+10.8 dpelvis=-83.2
  f=30 t=1.600 dhipL=+144.2 dkneeL=+104.7 dpelvis=-81.6
  f=31 t=1.633 dhipL=+142.0 dkneeL=+97.4 dpelvis=-83.1
  f=32 t=1.667 dhipL=+139.7 dkneeL=+90.6 dpelvis=-83.3
  f=33 t=1.700 dhipL=+147.8 dkneeL=+108.9 dpelvis=-81.3
  f=34 t=1.733 dhipL=+135.7 dhipR=+144.3 dkneeL=+80.2 dkneeR=+135.8 dpelvis=-83.1
  f=35 t=1.767 dhipL=+135.5 dhipR=+144.3 dkneeL=+79.8 dkneeR=+134.7 dpelvis=-82.2
  f=36 t=1.800 dhipL=+135.3 dhipR=+144.3 dkneeL=+79.3 dkneeR=+133.6 dpelvis=-81.5
  f=37 t=1.833 dhipL=+135.1 dhipR=+144.3 dkneeL=+78.5 dkneeR=+132.5 dpelvis=-81.0
  f=38 t=1.867 dhipL=+134.8 dhipR=+145.4 dkneeL=+77.9 dkneeR=+132.0 dpelvis=-80.3
  f=39 t=1.900 dhipL=+130.5 dhipR=+10.1 dkneeL=+68.1 dpelvis=-77.8
  f=40 t=1.933 dhipL=+122.0 dhipR=+10.9 dkneeL=+59.0 dpelvis=-73.5
  f=41 t=1.967 dhipL=+111.8 dhipR=+12.7 dkneeL=+42.4 dpelvis=-70.0
  f=42 t=2.000 dhipL=+100.0 dhipR=+19.1 dkneeL=+33.5 dkneeR=+16.0 dpelvis=-60.0
  f=43 t=2.033 dhipL=+105.8 dhipR=+104.2 dkneeL=+20.1 dpelvis=-110.9
  f=44 t=2.067 dhipL=+105.8 dhipR=+104.2 dkneeL=+20.1 dpelvis=-110.9
  f=45 t=2.100 dhipL=+105.8 dhipR=+104.2 dkneeL=+20.1 dpelvis=-110.9
  f=46 t=2.133 dhipL=+105.8 dhipR=+104.2 dkneeL=+20.1 dpelvis=-110.9
  f=47 t=2.167 dhipL=+105.8 dhipR=+104.2 dkneeL=+20.1 dpelvis=-110.9
  f=48 t=2.200 dhipL=+105.8 dhipR=+104.2 dkneeL=+20.1 dpelvis=-110.9
  f=49 t=2.233 dhipL=+105.8 dhipR=+104.2 dkneeL=+20.1 dpelvis=-110.9
  f=50 t=2.267 dhipL=+105.8 dhipR=+104.2 dkneeL=+20.1 dpelvis=-110.9
  f=51 t=2.300 dhipL=+102.8 dhipR=+101.5 dkneeL=+13.5 dpelvis=-109.3
  f=52 t=2.333 dhipL=+102.8 dhipR=+101.5 dkneeL=+13.5 dpelvis=-109.3
  f=53 t=2.367 dhipL=+102.8 dhipR=+101.5 dkneeL=+13.5 dpelvis=-109.3
  f=54 t=2.400 dhipL=+27.5 dhipR=+99.5 dkneeL=+99.8 dpelvis=-67.0
  f=55 t=2.433 dkneeR=-19.3 dpelvis=+7.7
  f=56 t=2.467 dkneeR=-19.3 dpelvis=+7.7
  f=57 t=2.500 dkneeR=-19.3 dpelvis=+7.7
  f=58 t=2.533 dkneeR=-19.3 dpelvis=+7.7
pelvis from side view (camera height collapsed): 0

20_wallpop_180
t hipL_ref hipL dhipL hipR_ref hipR dhipR kneeL_ref kneeL dkneeL kneeR_ref kneeR dkneeR spine_ref spine dspine pelvis_ref_cm pelvis_cm dpelvis_cm
0.150 39.9 42.7 +2.9 15.2 18.4 +3.2 53.4 53.8 +0.4 32.9 33.3 +0.4 18.5 18.0 -0.5 80.8 84.5 +3.6
0.183 38.6 41.3 +2.7 13.6 16.6 +3.0 47.7 48.1 +0.4 40.6 41.0 +0.4 18.8 18.0 -0.8 84.3 86.0 +1.7
0.217 34.6 37.2 +2.6 13.8 14.8 +1.0 45.8 46.3 +0.4 51.5 51.9 +0.4 19.3 18.0 -1.3 86.5 87.4 +0.9
0.250 29.6 32.1 +2.4 15.8 16.7 +0.9 47.7 48.1 +0.4 64.0 64.4 +0.4 20.4 18.0 -2.4 87.0 87.8 +0.8
0.283 24.5 26.6 +2.1 19.6 20.0 +0.4 50.7 51.1 +0.4 75.6 76.0 +0.4 21.3 18.0 -3.3 88.0 86.7 -1.3
0.317 19.4 20.9 +1.5 28.4 29.4 +1.0 52.6 53.0 +0.4 81.4 81.8 +0.4 21.1 18.0 -3.1 89.8 84.7 -5.1
0.350 14.3 15.3 +1.0 38.1 40.0 +1.9 54.2 54.6 +0.4 79.4 79.8 +0.4 20.3 18.0 -2.3 90.7 81.6 -9.1
0.383 10.3 11.2 +0.8 46.8 49.1 +2.3 57.4 57.8 +0.4 71.9 72.3 +0.4 18.9 18.0 -0.9 89.3 77.2 -12.1
0.417 7.8 8.7 +0.9 50.8 53.2 +2.5 62.8 63.2 +0.4 61.9 62.3 +0.4 16.3 16.3 +0.0 83.6 76.9 -6.6
0.450 8.8 10.5 +1.7 50.9 54.0 +3.1 70.4 70.7 +0.4 53.0 53.4 +0.4 13.0 13.1 +0.1 73.2 75.7 +2.5
0.483 16.1 19.7 +3.6 51.0 55.0 +3.9 79.7 80.1 +0.4 47.3 47.7 +0.4 10.9 11.1 +0.2 62.4 73.8 +11.4
0.517 28.5 33.7 +5.1 51.0 55.1 +4.1 88.8 89.1 +0.4 45.3 45.7 +0.4 10.0 10.3 +0.3 56.7 73.3 +16.6
0.550 44.2 49.4 +5.2 51.0 55.2 +4.1 94.1 94.5 +0.4 46.4 46.9 +0.4 8.7 9.2 +0.4 54.0 72.6 +18.6
0.583 52.8 57.5 +4.7 51.0 55.2 +4.1 95.4 95.8 +0.4 51.1 51.5 +0.4 7.6 8.1 +0.5 51.4 72.0 +20.6
0.617 56.7 61.1 +4.4 51.0 55.1 +4.0 93.9 94.3 +0.4 57.7 58.1 +0.4 8.7 9.1 +0.4 49.9 72.5 +22.5
0.650 64.8 68.3 +3.5 51.0 55.0 +3.9 91.1 91.5 +0.4 65.3 65.7 +0.4 10.6 10.8 +0.2 46.7 72.5 +25.8
0.683 75.3 76.9 +1.7 74.8 76.2 +1.4 87.5 87.8 +0.4 72.3 72.7 +0.4 11.2 11.3 +0.1 43.2 60.0 +16.8
0.717 83.8 84.3 +0.6 100.6 100.0 -0.7 82.9 83.3 +0.4 76.3 76.7 +0.4 11.1 11.1 +0.0 43.8 55.5 +11.7
0.750 84.4 84.9 +0.5 100.6 100.0 -0.6 78.1 78.5 +0.4 76.8 77.1 +0.4 12.5 12.5 +0.0 47.1 56.3 +9.2
0.783 82.2 82.7 +0.5 100.6 100.1 -0.6 72.8 73.2 +0.4 74.5 74.9 +0.4 15.4 15.4 +0.0 50.6 60.2 +9.6
0.817 80.1 80.5 +0.5 99.0 98.7 -0.3 66.5 66.9 +0.4 70.8 71.1 +0.4 18.7 18.0 -0.7 54.9 63.7 +8.8
0.850 76.8 77.2 +0.4 95.5 95.6 +0.1 60.1 60.5 +0.4 66.9 67.2 +0.4 23.0 18.0 -5.0 58.3 66.7 +8.4
0.883 72.0 72.4 +0.4 93.6 93.8 +0.2 54.7 55.1 +0.4 64.1 64.5 +0.4 25.9 18.0 -7.9 60.9 69.7 +8.8
0.917 66.4 67.2 +0.8 93.6 93.8 +0.2 49.5 49.9 +0.4 62.7 63.1 +0.4 26.7 18.0 -8.7 63.7 71.9 +8.3
0.950 59.4 61.1 +1.7 93.6 93.8 +0.2 43.7 44.1 +0.4 62.9 63.2 +0.4 24.5 24.5 +0.0 65.4 77.9 +12.6
0.983 51.5 54.5 +3.0 93.6 93.8 +0.2 37.1 37.6 +0.4 64.8 65.1 +0.4 20.1 20.1 +0.0 67.2 78.1 +10.9
1.017 43.4 47.7 +4.3 93.6 93.8 +0.2 29.9 30.3 +0.4 68.1 68.5 +0.4 16.2 16.2 +0.0 70.5 78.9 +8.4
1.050 35.5 40.9 +5.3 93.6 93.8 +0.2 22.5 22.9 +0.4 72.1 72.5 +0.4 14.1 14.1 +0.0 73.6 81.1 +7.5
1.083 28.6 34.1 +5.5 93.6 93.8 +0.2 16.1 16.5 +0.5 76.0 76.4 +0.4 14.3 14.3 +0.0 75.0 84.4 +9.4
1.117 23.3 28.2 +4.9 103.8 103.5 -0.3 11.7 12.2 +0.5 79.2 79.5 +0.4 16.0 16.0 +0.0 76.1 87.8 +11.7
1.150 20.2 24.5 +4.3 115.6 114.2 -1.4 10.0 10.5 +0.5 81.3 81.6 +0.4 17.7 17.8 +0.0 75.9 90.3 +14.4
1.183 18.1 21.9 +3.7 116.4 115.3 -1.0 10.9 11.4 +0.5 82.6 83.0 +0.4 20.8 20.8 +0.0 73.6 91.7 +18.2
1.217 16.4 19.4 +3.0 118.2 117.3 -0.9 13.8 14.2 +0.5 83.7 84.0 +0.4 25.1 25.1 +0.0 71.0 90.7 +19.7
1.250 16.0 18.4 +2.4 121.2 120.4 -0.8 18.6 19.0 +0.4 84.7 85.1 +0.4 29.3 29.3 +0.0 68.1 87.8 +19.7
1.283 16.5 18.8 +2.3 125.4 124.9 -0.5 25.3 25.7 +0.4 85.6 86.0 +0.4 34.9 35.0 +0.0 85.1 82.6 -2.5
1.317 16.5 18.9 +2.4 130.9 130.7 -0.2 33.1 33.6 +0.4 86.3 86.7 +0.4 41.6 41.7 +0.0 83.3 73.3 -10.0
1.350 16.5 19.0 +2.5 136.8 136.9 +0.1 41.7 42.1 +0.4 87.2 87.6 +0.4 47.6 47.6 +0.0 77.9 62.3 -15.5
1.383 16.5 19.1 +2.6 142.0 142.3 +0.3 51.0 51.4 +0.4 88.6 89.0 +0.4 51.9 51.9 +0.0 73.1 51.8 -21.3
1.417 16.5 19.0 +2.5 145.6 145.8 +0.3 60.3 60.7 +0.4 90.8 91.2 +0.4 54.4 54.4 +0.0 67.0 42.9 -24.1
1.450 16.5 18.8 +2.3 147.6 147.8 +0.2 68.1 68.5 +0.4 94.8 95.2 +0.4 55.6 55.6 +0.0 58.8 42.1 -16.7
1.483 16.5 27.9 +11.4 148.5 148.6 +0.1 73.7 56.1 -17.6 99.2 99.5 +0.4 56.2 56.2 +0.0 50.0 41.3 -8.7
1.517 16.5 27.8 +11.3 148.0 148.1 +0.1 77.5 53.9 -23.6 102.9 103.3 +0.4 57.0 57.0 -0.0 33.5 42.0 +8.5
1.550 16.5 41.3 +24.8 146.3 146.5 +0.1 80.8 71.2 -9.6 106.5 106.9 +0.4 57.9 57.9 +0.0 32.1 42.9 +10.8
1.583 16.5 33.4 +16.9 144.7 144.9 +0.2 83.3 61.7 -21.6 108.9 109.3 +0.4 57.0 57.0 +0.0 40.3 42.7 +2.4
1.617 16.5 39.2 +22.7 141.2 141.5 +0.3 85.1 73.4 -11.6 110.2 110.6 +0.4 54.3 54.3 +0.0 38.3 42.6 +4.3
1.650 48.5 73.0 +24.6 133.8 134.1 +0.3 86.4 106.7 +20.4 111.4 111.8 +0.4 51.0 51.0 +0.0 36.9 43.8 +6.8
1.683 87.3 87.6 +0.3 125.1 101.4 -23.6 86.5 86.9 +0.4 111.8 90.2 -21.6 48.6 48.6 +0.1 38.8 61.9 +23.1
1.717 87.3 87.6 +0.2 115.0 103.4 -11.6 83.7 84.1 +0.4 110.2 84.6 -25.6 47.0 47.2 +0.1 32.4 63.5 +31.1
1.750 85.3 85.6 +0.3 107.3 95.8 -11.5 77.8 78.1 +0.4 107.3 79.7 -27.6 45.7 45.9 +0.2 37.2 67.0 +29.8
frames over 10 deg or 5 cm: 42 / 49
  f=5 t=0.317 dpelvis=-5.1
  f=6 t=0.350 dpelvis=-9.1
  f=7 t=0.383 dpelvis=-12.1
  f=8 t=0.417 dpelvis=-6.6
  f=10 t=0.483 dpelvis=+11.4
  f=11 t=0.517 dpelvis=+16.6
  f=12 t=0.550 dpelvis=+18.6
  f=13 t=0.583 dpelvis=+20.6
  f=14 t=0.617 dpelvis=+22.5
  f=15 t=0.650 dpelvis=+25.8
  f=16 t=0.683 dpelvis=+16.8
  f=17 t=0.717 dpelvis=+11.7
  f=18 t=0.750 dpelvis=+9.2
  f=19 t=0.783 dpelvis=+9.6
  f=20 t=0.817 dpelvis=+8.8
  f=21 t=0.850 dpelvis=+8.4
  f=22 t=0.883 dpelvis=+8.8
  f=23 t=0.917 dpelvis=+8.3
  f=24 t=0.950 dpelvis=+12.6
  f=25 t=0.983 dpelvis=+10.9
  f=26 t=1.017 dpelvis=+8.4
  f=27 t=1.050 dpelvis=+7.5
  f=28 t=1.083 dpelvis=+9.4
  f=29 t=1.117 dpelvis=+11.7
  f=30 t=1.150 dpelvis=+14.4
  f=31 t=1.183 dpelvis=+18.2
  f=32 t=1.217 dpelvis=+19.7
  f=33 t=1.250 dpelvis=+19.7
  f=35 t=1.317 dpelvis=-10.0
  f=36 t=1.350 dpelvis=-15.5
  f=37 t=1.383 dpelvis=-21.3
  f=38 t=1.417 dpelvis=-24.1
  f=39 t=1.450 dpelvis=-16.7
  f=40 t=1.483 dhipL=+11.4 dkneeL=-17.6 dpelvis=-8.7
  f=41 t=1.517 dhipL=+11.3 dkneeL=-23.6 dpelvis=+8.5
  f=42 t=1.550 dhipL=+24.8 dpelvis=+10.8
  f=43 t=1.583 dhipL=+16.9 dkneeL=-21.6
  f=44 t=1.617 dhipL=+22.7 dkneeL=-11.6
  f=45 t=1.650 dhipL=+24.6 dkneeL=+20.4 dpelvis=+6.8
  f=46 t=1.683 dhipR=-23.6 dkneeR=-21.6 dpelvis=+23.1
  f=47 t=1.717 dhipR=-11.6 dkneeR=-25.6 dpelvis=+31.1
  f=48 t=1.750 dhipR=-11.5 dkneeR=-27.6 dpelvis=+29.8
pelvis from side view (camera height collapsed): 11
  f=34 t=1.283 cam=62.8 side=85.1
  f=35 t=1.317 cam=56.1 side=83.3
  f=36 t=1.350 cam=51.1 side=77.9
  f=37 t=1.383 cam=47.1 side=73.1
  f=38 t=1.417 cam=43.2 side=67.0
  f=39 t=1.450 cam=39.3 side=58.8
  f=40 t=1.483 cam=35.4 side=50.0
  f=43 t=1.583 cam=28.5 side=40.3
  f=44 t=1.617 cam=25.9 side=38.3
  f=45 t=1.650 cam=26.1 side=36.9
  f=46 t=1.683 cam=28.9 side=38.8

